ISD,Admin,Grade,Did Not Meet - %,Approaches - %,Meets - %,Masters - %,Org Id,Test Type,Approaches,Meets,Masters
A W BROWN LEADERSHIP ACADEMY,Spring 2022,3,47,53,28,9,57816,STAAR - Reading,25,19,9
A+ ACADEMY,Spring 2022,3,54,46,26,13,57829,STAAR - Reading,20,13,13
ABBOTT ISD,Spring 2022,3,11,89,74,47,109901,STAAR - Reading,15,27,47
ABERNATHY ISD,Spring 2022,3,21,79,48,29,95901,STAAR - Reading,31,19,29
ABILENE ISD,Spring 2022,3,31,69,40,21,221901,STAAR - Reading,29,19,21
ACADEMY ISD,Spring 2022,3,17,83,58,36,14901,STAAR - Reading,25,22,36
ACADEMY OF ACCELERATED LEARNING INC,Spring 2022,3,40,60,34,17,101810,STAAR - Reading,26,17,17
ACADEMY OF DALLAS (057810),Spring 2022,3,67,33,17,0,57810,STAAR - Reading,16,17,0
ACCELERATED INTERMEDIATE ACADEMY,Spring 2022,3,11,89,47,16,101849,STAAR - Reading,42,31,16
ADRIAN ISD,Spring 2022,3,11,89,44,33,180903,STAAR - Reading,45,11,33
ADVANTAGE ACADEMY (057806),Spring 2022,3,54,46,25,10,57806,STAAR - Reading,21,15,10
AGUA DULCE ISD,Spring 2022,3,5,95,77,41,178901,STAAR - Reading,18,36,41
ALAMO HEIGHTS ISD,Spring 2022,3,7,93,78,57,15901,STAAR - Reading,15,21,57
ALBA-GOLDEN ISD,Spring 2022,3,13,87,49,31,250906,STAAR - Reading,38,18,31
ALBANY ISD,Spring 2022,3,27,73,46,32,209901,STAAR - Reading,27,14,32
ALDINE ISD,Spring 2022,3,40,60,30,13,101902,STAAR - Reading,30,17,13
ALEDO ISD,Spring 2022,3,6,94,80,61,184907,STAAR - Reading,14,19,61
ALICE ISD,Spring 2022,3,36,64,36,18,125901,STAAR - Reading,28,18,18
ALIEF ISD (101903),Spring 2022,3,35,65,41,22,101903,STAAR - Reading,24,19,22
ALIEF MONTESSORI COMMUNITY SCHOOL (101815),Spring 2022,3,16,84,76,40,101815,STAAR - Reading,8,36,40
ALLEN ISD,Spring 2022,3,11,89,70,49,43901,STAAR - Reading,19,21,49
ALPINE ISD,Spring 2022,3,18,82,49,25,22901,STAAR - Reading,33,24,25
ALTO ISD,Spring 2022,3,19,81,44,25,37901,STAAR - Reading,37,19,25
ALVARADO ISD,Spring 2022,3,25,75,46,24,126901,STAAR - Reading,29,22,24
ALVIN ISD,Spring 2022,3,18,82,59,35,20901,STAAR - Reading,23,24,35
ALVORD ISD,Spring 2022,3,10,90,65,23,249901,STAAR - Reading,25,42,23
AMARILLO ISD,Spring 2022,3,20,80,53,30,188901,STAAR - Reading,27,23,30
AMBASSADORS PREPARATORY ACADEMY (084804),Spring 2022,3,24,76,33,5,84804,STAAR - Reading,43,28,5
AMHERST ISD,Spring 2022,3,36,64,36,9,140901,STAAR - Reading,28,27,9
AMIGOS POR VIDA-FRIENDS FOR LIFE PUB CHTR SCH,Spring 2022,3,18,82,54,22,101819,STAAR - Reading,28,32,22
ANAHUAC ISD,Spring 2022,3,44,56,33,21,36901,STAAR - Reading,23,12,21
ANDERSON-SHIRO CISD,Spring 2022,3,11,89,67,44,93901,STAAR - Reading,22,23,44
ANDREWS ISD,Spring 2022,3,15,85,59,32,2901,STAAR - Reading,26,27,32
ANGLETON ISD,Spring 2022,3,12,88,60,34,20902,STAAR - Reading,28,26,34
ANNA ISD,Spring 2022,3,20,80,53,33,43902,STAAR - Reading,27,20,33
ANSON ISD,Spring 2022,3,21,79,52,20,127901,STAAR - Reading,27,32,20
ANTHONY ISD,Spring 2022,3,33,67,21,12,71906,STAAR - Reading,46,9,12
ANTON ISD,Spring 2022,3,0,100,70,10,110901,STAAR - Reading,30,60,10
APPLE SPRINGS ISD,Spring 2022,3,19,81,44,25,228905,STAAR - Reading,37,19,25
AQUILLA ISD,Spring 2022,3,12,88,65,35,109912,STAAR - Reading,23,30,35
ARANSAS COUNTY ISD,Spring 2022,3,33,67,38,22,4901,STAAR - Reading,29,16,22
ARANSAS PASS ISD,Spring 2022,3,27,73,35,14,205901,STAAR - Reading,38,21,14
ARCHER CITY ISD,Spring 2022,3,3,97,75,36,5901,STAAR - Reading,22,39,36
ARGYLE ISD,Spring 2022,3,9,91,76,50,61910,STAAR - Reading,15,26,50
ARISTOI CLASSICAL ACADEMY (101803),Spring 2022,3,16,84,64,45,101803,STAAR - Reading,20,19,45
ARLINGTON CLASSICS ACADEMY,Spring 2022,3,7,93,76,54,220802,STAAR - Reading,17,22,54
ARLINGTON ISD,Spring 2022,3,30,70,44,25,220901,STAAR - Reading,26,19,25
ARP ISD,Spring 2022,3,17,83,65,44,212901,STAAR - Reading,18,21,44
ARROW ACADEMY,Spring 2022,3,23,77,47,31,21805,STAAR - Reading,30,16,31
ASPERMONT ISD,Spring 2022,3,14,86,57,57,217901,STAAR - Reading,29,0,57
ATHENS ISD,Spring 2022,3,25,75,54,31,107901,STAAR - Reading,21,23,31
ATLANTA ISD,Spring 2022,3,17,83,61,34,34901,STAAR - Reading,22,27,34
AUBREY ISD,Spring 2022,3,16,84,63,35,61907,STAAR - Reading,21,28,35
AUSTIN ACHIEVE PUBLIC SCHOOLS,Spring 2022,3,55,45,20,9,227825,STAAR - Reading,25,11,9
AUSTIN DISCOVERY SCHOOL,Spring 2022,3,15,85,57,36,227821,STAAR - Reading,28,21,36
AUSTIN ISD,Spring 2022,3,20,80,61,42,227901,STAAR - Reading,19,19,42
AUSTWELL-TIVOLI ISD,Spring 2022,3,29,71,50,29,196901,STAAR - Reading,21,21,29
AVALON ISD,Spring 2022,3,33,67,37,23,70901,STAAR - Reading,30,14,23
AVERY ISD,Spring 2022,3,17,83,57,40,194902,STAAR - Reading,26,17,40
AVINGER ISD,Spring 2022,3,29,71,71,29,34902,STAAR - Reading,0,42,29
AXTELL ISD,Spring 2022,3,11,89,50,25,161918,STAAR - Reading,39,25,25
AZLE ISD,Spring 2022,3,20,80,53,32,220915,STAAR - Reading,27,21,32
BAIRD ISD,Spring 2022,3,21,79,50,21,30903,STAAR - Reading,29,29,21
BALLINGER ISD,Spring 2022,3,18,82,47,27,200901,STAAR - Reading,35,20,27
BALMORHEA ISD,Spring 2022,3,0,0,0,0,195902,STAAR - Reading,0,0,0
BANDERA ISD,Spring 2022,3,28,72,45,26,10902,STAAR - Reading,27,19,26
BANGS ISD,Spring 2022,3,16,84,66,36,25901,STAAR - Reading,18,30,36
BANQUETE ISD,Spring 2022,3,10,90,62,33,178913,STAAR - Reading,28,29,33
BARBERS HILL ISD,Spring 2022,3,9,91,74,52,36902,STAAR - Reading,17,22,52
BARTLETT ISD,Spring 2022,3,34,66,28,3,14902,STAAR - Reading,38,25,3
BASIS TEXAS,Spring 2022,3,4,96,85,66,15834,STAAR - Reading,11,19,66
BASTROP ISD,Spring 2022,3,35,65,40,22,11901,STAAR - Reading,25,18,22
BAY CITY ISD,Spring 2022,3,46,54,28,15,158901,STAAR - Reading,26,13,15
BEATRICE MAYES INSTITUTE CHARTER SCHOOL (101847),Spring 2022,3,32,68,44,20,101847,STAAR - Reading,24,24,20
BEAUMONT ISD,Spring 2022,3,47,53,29,14,123910,STAAR - Reading,24,15,14
BECKVILLE ISD,Spring 2022,3,7,93,60,26,183901,STAAR - Reading,33,34,26
BEEVILLE ISD,Spring 2022,3,25,75,39,19,13901,STAAR - Reading,36,20,19
BELLEVUE ISD,Spring 2022,3,0,100,60,40,39904,STAAR - Reading,40,20,40
BELLS ISD,Spring 2022,3,10,90,71,45,91901,STAAR - Reading,19,26,45
BELLVILLE ISD,Spring 2022,3,21,79,40,24,8901,STAAR - Reading,39,16,24
COLORADO ISD,Spring 2022,3,20,80,43,25,168901,STAAR - Reading,37,18,25
BELTON ISD,Spring 2022,3,21,79,51,29,14903,STAAR - Reading,28,22,29
BEN BOLT-PALITO BLANCO ISD,Spring 2022,3,29,71,42,16,125902,STAAR - Reading,29,26,16
BENAVIDES ISD,Spring 2022,3,38,62,12,12,66901,STAAR - Reading,50,0,12
BENJAMIN ISD,Spring 2022,3,0,100,71,43,138904,STAAR - Reading,29,28,43
BETA ACADEMY (101870),Spring 2022,3,9,91,61,30,101870,STAAR - Reading,30,31,30
BETTY M CONDRA SCHOOL FOR EDUCATION INNOVATION,Spring 2022,3,48,52,24,21,152806,STAAR - Reading,28,3,21
BEXAR COUNTY ACADEMY (015809),Spring 2022,3,48,52,29,14,15809,STAAR - Reading,23,15,14
BIG SANDY ISD (187901),Spring 2022,3,3,97,52,21,187901,STAAR - Reading,45,31,21
BIG SANDY ISD (230901),Spring 2022,3,23,78,53,38,230901,STAAR - Reading,25,15,38
BIG SPRING ISD,Spring 2022,3,34,66,37,19,114901,STAAR - Reading,29,18,19
BIG SPRINGS CHARTER SCHOOL (193801),Spring 2022,3,57,43,14,14,193801,STAAR - Reading,29,0,14
BIRDVILLE ISD,Spring 2022,3,21,79,55,35,220902,STAAR - Reading,24,20,35
BISHOP CISD,Spring 2022,3,22,78,52,35,178902,STAAR - Reading,26,17,35
BLACKWELL CISD,Spring 2022,3,0,100,73,36,177903,STAAR - Reading,27,37,36
BLANCO ISD,Spring 2022,3,24,76,47,27,16902,STAAR - Reading,29,20,27
BLAND ISD,Spring 2022,3,25,75,47,35,116915,STAAR - Reading,28,12,35
BLANKET ISD,Spring 2022,3,22,78,44,11,25904,STAAR - Reading,34,33,11
BLOOM ACADEMY CHARTER SCHOOL (101875),Spring 2022,3,53,47,33,12,101875,STAAR - Reading,14,21,12
BLOOMBURG ISD,Spring 2022,3,33,67,47,27,34909,STAAR - Reading,20,20,27
BLOOMING GROVE ISD,Spring 2022,3,17,83,52,22,175902,STAAR - Reading,31,30,22
COLUMBIA-BRAZORIA ISD,Spring 2022,3,23,77,55,34,20907,STAAR - Reading,22,21,34
COLUMBUS ISD,Spring 2022,3,32,68,41,22,45902,STAAR - Reading,27,19,22
COMAL ISD,Spring 2022,3,14,86,64,41,46902,STAAR - Reading,22,23,41
COMANCHE ISD,Spring 2022,3,30,70,38,20,47901,STAAR - Reading,32,18,20
COMFORT ISD,Spring 2022,3,22,78,38,15,130902,STAAR - Reading,40,23,15
COMMERCE ISD,Spring 2022,3,31,69,37,16,116903,STAAR - Reading,32,21,16
COMMUNITY ISD,Spring 2022,3,19,81,48,28,43918,STAAR - Reading,33,20,28
COMO-PICKTON CISD,Spring 2022,3,28,72,47,21,112908,STAAR - Reading,25,26,21
COMPASS ACADEMY CHARTER SCHOOL (068802),Spring 2022,3,18,82,59,29,68802,STAAR - Reading,23,30,29
COMPASS ROSE PUBLIC SCHOOLS,Spring 2022,3,51,49,27,14,15838,STAAR - Reading,22,13,14
COMQUEST ACADEMY (101842),Spring 2022,3,0,0,0,0,101842,STAAR - Reading,0,0,0
COMSTOCK ISD,Spring 2022,3,0,100,73,33,233903,STAAR - Reading,27,40,33
CONNALLY ISD,Spring 2022,3,37,63,28,13,161921,STAAR - Reading,35,15,13
CONROE ISD,Spring 2022,3,16,84,63,42,170902,STAAR - Reading,21,21,42
COOLIDGE ISD,Spring 2022,3,0,100,67,43,147901,STAAR - Reading,33,24,43
COOPER ISD,Spring 2022,3,28,72,53,28,60902,STAAR - Reading,19,25,28
COPPELL ISD,Spring 2022,3,9,91,74,54,57922,STAAR - Reading,17,20,54
COPPERAS COVE ISD,Spring 2022,3,19,81,51,28,50910,STAAR - Reading,30,23,28
CORPUS CHRISTI ISD,Spring 2022,3,26,74,48,26,178904,STAAR - Reading,26,22,26
CHISUM ISD,Spring 2022,3,11,89,73,36,139905,STAAR - Reading,16,37,36
CHRISTOVAL ISD,Spring 2022,3,3,97,82,65,226901,STAAR - Reading,15,17,65
CISCO ISD,Spring 2022,3,15,85,61,39,67902,STAAR - Reading,24,22,39
CITY VIEW ISD,Spring 2022,3,30,70,41,17,243906,STAAR - Reading,29,24,17
CITYSCAPE SCHOOLS,Spring 2022,3,46,54,29,10,57841,STAAR - Reading,25,19,10
CLARENDON ISD,Spring 2022,3,15,85,61,36,65901,STAAR - Reading,24,25,36
CLARKSVILLE ISD,Spring 2022,3,31,69,36,17,194904,STAAR - Reading,33,19,17
CLAUDE ISD,Spring 2022,3,3,97,77,52,6902,STAAR - Reading,20,25,52
CLEAR CREEK ISD,Spring 2022,3,15,85,62,41,84910,STAAR - Reading,23,21,41
CLEBURNE ISD,Spring 2022,3,25,75,43,22,126903,STAAR - Reading,32,21,22
CLEVELAND ISD,Spring 2022,3,39,61,28,12,146901,STAAR - Reading,33,16,12
CLIFTON ISD,Spring 2022,3,13,87,55,37,18901,STAAR - Reading,32,18,37
CLINT ISD,Spring 2022,3,33,67,38,17,71901,STAAR - Reading,29,21,17
CLYDE CISD,Spring 2022,3,23,77,45,24,30902,STAAR - Reading,32,21,24
COAHOMA ISD,Spring 2022,3,20,80,56,28,114902,STAAR - Reading,24,28,28
COLDSPRING-OAKHURST CISD,Spring 2022,3,27,73,45,24,204901,STAAR - Reading,28,21,24
COLEMAN ISD,Spring 2022,3,29,71,38,28,42901,STAAR - Reading,33,10,28
COLLEGE STATION ISD,Spring 2022,3,16,84,60,39,21901,STAAR - Reading,24,21,39
COLLINSVILLE ISD,Spring 2022,3,32,68,39,24,91902,STAAR - Reading,29,15,24
COLMESNEIL ISD,Spring 2022,3,33,68,25,23,229901,STAAR - Reading,43,2,23
CENTER POINT ISD,Spring 2022,3,32,68,39,23,133901,STAAR - Reading,29,16,23
CENTERVILLE ISD (145902),Spring 2022,3,6,94,53,27,145902,STAAR - Reading,41,26,27
CENTERVILLE ISD (228904),Spring 2022,3,0,0,0,0,228904,STAAR - Reading,0,0,0
CENTRAL HEIGHTS ISD,Spring 2022,3,11,89,65,34,174908,STAAR - Reading,24,31,34
CENTRAL ISD,Spring 2022,3,27,73,43,23,3907,STAAR - Reading,30,20,23
CHANNELVIEW ISD,Spring 2022,3,32,68,40,19,101905,STAAR - Reading,28,21,19
CHANNING ISD,Spring 2022,3,47,53,35,18,103901,STAAR - Reading,18,17,18
CHAPARRAL STAR ACADEMY (227814),Spring 2022,3,4,96,73,38,227814,STAAR - Reading,23,35,38
CHAPEL HILL ACADEMY (220815),Spring 2022,3,46,54,29,21,220815,STAAR - Reading,25,8,21
CHAPEL HILL ISD (212909),Spring 2022,3,26,74,52,32,212909,STAAR - Reading,22,20,32
CHAPEL HILL ISD (225906),Spring 2022,3,5,95,78,47,225906,STAAR - Reading,17,31,47
CHARLOTTE ISD,Spring 2022,3,38,62,33,21,7901,STAAR - Reading,29,12,21
CHEROKEE ISD,Spring 2022,3,0,100,86,71,206903,STAAR - Reading,14,15,71
CHESTER ISD,Spring 2022,3,14,86,71,29,229906,STAAR - Reading,15,42,29
CHICO ISD,Spring 2022,3,25,75,43,23,249904,STAAR - Reading,32,20,23
CHILDRESS ISD,Spring 2022,3,3,97,67,39,38901,STAAR - Reading,30,28,39
CHILLICOTHE ISD,Spring 2022,3,56,44,12,6,99902,STAAR - Reading,32,6,6
CHILTON ISD,Spring 2022,3,17,82,23,12,73901,STAAR - Reading,59,11,12
CHINA SPRING ISD,Spring 2022,3,15,85,66,42,161920,STAAR - Reading,19,24,42
CHIRENO ISD,Spring 2022,3,33,67,30,11,174901,STAAR - Reading,37,19,11
CALLISBURG ISD,Spring 2022,3,27,73,47,30,49905,STAAR - Reading,26,17,30
CALVERT ISD,Spring 2022,3,57,43,0,0,198902,STAAR - Reading,43,0,0
CAMERON ISD,Spring 2022,3,22,78,40,18,166901,STAAR - Reading,38,22,18
CAMPBELL ISD,Spring 2022,3,42,58,33,17,116910,STAAR - Reading,25,16,17
CANADIAN ISD,Spring 2022,3,2,98,62,31,106901,STAAR - Reading,36,31,31
CANTON ISD,Spring 2022,3,10,90,64,39,234902,STAAR - Reading,26,25,39
CANUTILLO ISD,Spring 2022,3,16,84,62,33,71907,STAAR - Reading,22,29,33
CANYON ISD,Spring 2022,3,11,89,64,41,191901,STAAR - Reading,25,23,41
CARLISLE ISD,Spring 2022,3,14,86,56,28,201913,STAAR - Reading,30,28,28
CARRIZO SPRINGS CISD,Spring 2022,3,31,69,45,25,64903,STAAR - Reading,24,20,25
CARROLL ISD,Spring 2022,3,2,98,90,72,220919,STAAR - Reading,8,18,72
CARROLLTON-FARMERS BRANCH ISD,Spring 2022,3,22,78,54,34,57903,STAAR - Reading,24,20,34
CARTHAGE ISD,Spring 2022,3,17,83,49,31,183902,STAAR - Reading,34,18,31
CASTLEBERRY ISD,Spring 2022,3,28,72,43,22,220917,STAAR - Reading,29,21,22
CAYUGA ISD,Spring 2022,3,17,82,72,53,1902,STAAR - Reading,10,19,53
CEDAR HILL ISD,Spring 2022,3,40,60,34,18,57904,STAAR - Reading,26,16,18
CEDARS INTERNATIONAL ACADEMY (227817),Spring 2022,3,45,55,24,12,227817,STAAR - Reading,31,12,12
CELESTE ISD,Spring 2022,3,32,68,35,19,116902,STAAR - Reading,33,16,19
CELINA ISD,Spring 2022,3,11,89,70,49,43903,STAAR - Reading,19,21,49
CENTER ISD,Spring 2022,3,27,73,43,20,210901,STAAR - Reading,30,23,20
BRUCEVILLE-EDDY ISD,Spring 2022,3,19,81,38,24,161919,STAAR - Reading,43,14,24
BRYAN ISD,Spring 2022,3,27,73,45,26,21902,STAAR - Reading,28,19,26
BRYSON ISD,Spring 2022,3,33,67,48,24,119901,STAAR - Reading,19,24,24
BUCKHOLTS ISD,Spring 2022,3,57,43,14,0,166907,STAAR - Reading,29,14,0
BUENA VISTA ISD,Spring 2022,3,16,84,42,21,186901,STAAR - Reading,42,21,21
BUFFALO ISD,Spring 2022,3,7,93,71,42,145901,STAAR - Reading,22,29,42
BULLARD ISD,Spring 2022,3,7,93,69,47,212902,STAAR - Reading,24,22,47
BUNA ISD,Spring 2022,3,19,81,55,36,121903,STAAR - Reading,26,19,36
BURKBURNETT ISD,Spring 2022,3,30,70,39,22,243901,STAAR - Reading,31,17,22
BURKEVILLE ISD,Spring 2022,3,62,38,6,6,176901,STAAR - Reading,32,0,6
BURLESON ISD,Spring 2022,3,17,83,59,37,126902,STAAR - Reading,24,22,37
BURNET CISD,Spring 2022,3,24,76,45,28,27903,STAAR - Reading,31,17,28
BURNHAM WOOD CHARTER SCHOOL DISTRICT,Spring 2022,3,12,88,68,37,71801,STAAR - Reading,20,31,37
BURTON ISD,Spring 2022,3,11,89,66,39,239903,STAAR - Reading,23,27,39
BUSHLAND ISD,Spring 2022,3,6,94,77,54,188904,STAAR - Reading,17,23,54
BYNUM ISD,Spring 2022,3,19,81,62,44,109902,STAAR - Reading,19,18,44
CADDO MILLS ISD,Spring 2022,3,9,91,65,38,116901,STAAR - Reading,26,27,38
CALALLEN ISD,Spring 2022,3,16,84,58,32,178903,STAAR - Reading,26,26,32
CALDWELL ISD,Spring 2022,3,19,81,57,34,26901,STAAR - Reading,24,23,34
CALHOUN COUNTY ISD,Spring 2022,3,16,84,53,29,29901,STAAR - Reading,31,24,29
BRAZOS RIVER CHARTER SCHOOL (213801),Spring 2022,3,0,0,0,0,213801,STAAR - Reading,0,0,0
BRAZOS SCHOOL FOR INQUIRY & CREATIVITY,Spring 2022,3,31,69,37,14,21803,STAAR - Reading,32,23,14
BRAZOSPORT ISD,Spring 2022,3,15,85,58,32,20905,STAAR - Reading,27,26,32
BRECKENRIDGE ISD,Spring 2022,3,19,81,43,22,215901,STAAR - Reading,38,21,22
BREMOND ISD,Spring 2022,3,24,76,41,29,198901,STAAR - Reading,35,12,29
BRENHAM ISD,Spring 2022,3,31,69,40,20,239901,STAAR - Reading,29,20,20
BRIDGE CITY ISD,Spring 2022,3,15,85,56,36,181901,STAAR - Reading,29,20,36
BRIDGEPORT ISD,Spring 2022,3,29,71,49,29,249903,STAAR - Reading,22,20,29
BRIDGEWAY PREPARATORY ACADEMY (057851),Spring 2022,3,80,20,20,0,57851,STAAR - Reading,0,20,0
BROADDUS ISD,Spring 2022,3,25,75,50,45,203902,STAAR - Reading,25,5,45
BROCK ISD,Spring 2022,3,13,87,71,42,184909,STAAR - Reading,16,29,42
BRONTE ISD (041901),Spring 2022,3,13,87,57,43,41901,STAAR - Reading,30,14,43
BROOKELAND ISD,Spring 2022,3,26,74,48,16,121902,STAAR - Reading,26,32,16
BROOKESMITH ISD,Spring 2022,3,12,88,25,0,25908,STAAR - Reading,63,25,0
BROOKS ACADEMIES OF TEXAS,Spring 2022,3,30,70,38,21,15830,STAAR - Reading,32,17,21
BROOKS COUNTY ISD,Spring 2022,3,50,50,25,16,24901,STAAR - Reading,25,9,16
BROWNFIELD ISD,Spring 2022,3,54,46,28,11,223901,STAAR - Reading,18,17,11
BROWNSBORO ISD,Spring 2022,3,17,83,55,35,107902,STAAR - Reading,28,20,35
BROWNSVILLE ISD,Spring 2022,3,27,73,46,23,31901,STAAR - Reading,27,23,23
BROWNWOOD ISD,Spring 2022,3,23,77,50,29,25902,STAAR - Reading,27,21,29
BLOOMINGTON ISD,Spring 2022,3,51,49,22,12,235901,STAAR - Reading,27,10,12
BLUE RIDGE ISD,Spring 2022,3,16,84,57,43,43917,STAAR - Reading,27,14,43
BLUFF DALE ISD,Spring 2022,3,19,81,38,31,72904,STAAR - Reading,43,7,31
BLUM ISD (109913),Spring 2022,3,14,86,67,33,109913,STAAR - Reading,19,34,33
BOB HOPE SCHOOL (123807),Spring 2022,3,17,83,47,24,123807,STAAR - Reading,36,23,24
BOERNE ISD,Spring 2022,3,10,90,71,46,130901,STAAR - Reading,19,25,46
BOLES ISD,Spring 2022,3,22,78,44,25,116916,STAAR - Reading,34,19,25
BOLING ISD,Spring 2022,3,34,66,47,29,241901,STAAR - Reading,19,18,29
BONHAM ISD,Spring 2022,3,25,75,36,18,74903,STAAR - Reading,39,18,18
BOOKER ISD,Spring 2022,3,18,82,55,27,148901,STAAR - Reading,27,28,27
BORDEN COUNTY ISD,Spring 2022,3,0,100,72,44,17901,STAAR - Reading,28,28,44
BORGER ISD,Spring 2022,3,28,72,48,26,117901,STAAR - Reading,24,22,26
BOSQUEVILLE ISD,Spring 2022,3,9,91,62,31,161923,STAAR - Reading,29,31,31
BOVINA ISD,Spring 2022,3,32,68,42,29,185901,STAAR - Reading,26,13,29
BOWIE ISD,Spring 2022,3,39,61,35,18,169901,STAAR - Reading,26,17,18
BOYD ISD,Spring 2022,3,24,76,46,24,249902,STAAR - Reading,30,22,24
BOYS RANCH ISD,Spring 2022,3,0,100,50,33,180901,STAAR - Reading,50,17,33
BRACKETT ISD,Spring 2022,3,17,83,48,21,136901,STAAR - Reading,35,27,21
BRADY ISD,Spring 2022,3,12,88,50,34,160901,STAAR - Reading,38,16,34
BRAZOS ISD,Spring 2022,3,33,67,25,8,8903,STAAR - Reading,42,17,8
CORPUS CHRISTI MONTESSORI SCHOOL (178807),Spring 2022,3,18,82,71,47,178807,STAAR - Reading,11,24,47
CORRIGAN-CAMDEN ISD,Spring 2022,3,18,82,53,26,187904,STAAR - Reading,29,27,26
CORSICANA ISD,Spring 2022,3,25,75,46,26,175903,STAAR - Reading,29,20,26
COTTON CENTER ISD,Spring 2022,3,33,67,50,33,95902,STAAR - Reading,17,17,33
COTULLA ISD,Spring 2022,3,44,56,30,14,142901,STAAR - Reading,26,16,14
COUPLAND ISD,Spring 2022,3,28,72,36,8,246914,STAAR - Reading,36,28,8
COVINGTON ISD,Spring 2022,3,20,80,52,32,109903,STAAR - Reading,28,20,32
CRANDALL ISD,Spring 2022,3,31,69,39,23,129901,STAAR - Reading,30,16,23
CRANE ISD,Spring 2022,3,31,69,36,25,52901,STAAR - Reading,33,11,25
CRANFILLS GAP ISD,Spring 2022,3,31,69,46,15,18908,STAAR - Reading,23,31,15
CRAWFORD ISD,Spring 2022,3,10,90,67,51,161901,STAAR - Reading,23,16,51
CROCKETT COUNTY CONSOLIDATED CSD,Spring 2022,3,4,96,57,20,53001,STAAR - Reading,39,37,20
CROCKETT ISD,Spring 2022,3,41,59,29,10,113901,STAAR - Reading,30,19,10
CROSBY ISD,Spring 2022,3,21,79,53,32,101906,STAAR - Reading,26,21,32
CROSBYTON CISD,Spring 2022,3,6,94,62,25,54901,STAAR - Reading,32,37,25
CROSS PLAINS ISD,Spring 2022,3,4,96,70,44,30901,STAAR - Reading,26,26,44
CROSS ROADS ISD,Spring 2022,3,8,92,42,33,107904,STAAR - Reading,50,9,33
CROWELL ISD,Spring 2022,3,17,83,42,33,78901,STAAR - Reading,41,9,33
CROWLEY ISD,Spring 2022,3,30,70,43,22,220912,STAAR - Reading,27,21,22
CRYSTAL CITY ISD,Spring 2022,3,35,65,33,19,254901,STAAR - Reading,32,14,19
CUERO ISD,Spring 2022,3,27,73,44,23,62901,STAAR - Reading,29,21,23
CULBERSON COUNTY-ALLAMOORE ISD,Spring 2022,3,41,59,31,16,55901,STAAR - Reading,28,15,16
CUMBERLAND ACADEMY,Spring 2022,3,24,76,43,24,212801,STAAR - Reading,33,19,24
CUMBY COLLEGIATE ISD,Spring 2022,3,17,83,33,20,112905,STAAR - Reading,50,13,20
CUSHING ISD,Spring 2022,3,24,76,49,24,174902,STAAR - Reading,27,25,24
CYPRESS-FAIRBANKS ISD,Spring 2022,3,20,80,58,35,101907,STAAR - Reading,22,23,35
D'HANIS ISD,Spring 2022,3,0,100,100,77,163902,STAAR - Reading,0,23,77
DAINGERFIELD-LONE STAR ISD,Spring 2022,3,21,79,33,15,172902,STAAR - Reading,46,18,15
DALHART ISD,Spring 2022,3,52,48,24,11,56901,STAAR - Reading,24,13,11
DALLAS ISD (057905),Spring 2022,3,30,70,45,27,57905,STAAR - Reading,25,18,27
DAMON ISD,Spring 2022,3,38,62,38,0,20910,STAAR - Reading,24,38,0
DANBURY ISD,Spring 2022,3,25,75,58,23,20904,STAAR - Reading,17,35,23
DARROUZETT ISD,Spring 2022,3,50,50,0,0,148905,STAAR - Reading,50,0,0
DAWSON ISD (058902),Spring 2022,3,29,71,36,21,58902,STAAR - Reading,35,15,21
DAWSON ISD (175904),Spring 2022,3,14,86,59,21,175904,STAAR - Reading,27,38,21
DAYTON ISD,Spring 2022,3,24,76,42,22,146902,STAAR - Reading,34,20,22
DE LEON ISD,Spring 2022,3,10,90,62,42,47902,STAAR - Reading,28,20,42
DECATUR ISD,Spring 2022,3,22,78,50,25,249905,STAAR - Reading,28,25,25
DEER PARK ISD,Spring 2022,3,18,82,57,35,101908,STAAR - Reading,25,22,35
DEKALB ISD,Spring 2022,3,13,87,53,29,19901,STAAR - Reading,34,24,29
DEL VALLE ISD,Spring 2022,3,33,67,36,16,227910,STAAR - Reading,31,20,16
DELL CITY ISD,Spring 2022,3,40,60,40,20,115903,STAAR - Reading,20,20,20
DENISON ISD,Spring 2022,3,19,81,50,26,91903,STAAR - Reading,31,24,26
DENTON ISD,Spring 2022,3,23,77,52,32,61901,STAAR - Reading,25,20,32
DENVER CITY ISD,Spring 2022,3,26,74,40,23,251901,STAAR - Reading,34,17,23
DESOTO ISD,Spring 2022,3,38,62,31,16,57906,STAAR - Reading,31,15,16
DETROIT ISD,Spring 2022,3,12,88,45,24,194905,STAAR - Reading,43,21,24
DEVERS ISD,Spring 2022,3,0,100,90,71,146903,STAAR - Reading,10,19,71
DEVINE ISD,Spring 2022,3,17,83,52,30,163901,STAAR - Reading,31,22,30
DEW ISD,Spring 2022,3,0,100,64,55,81906,STAAR - Reading,36,9,55
DEWEYVILLE ISD,Spring 2022,3,28,72,44,28,176903,STAAR - Reading,28,16,28
DIBOLL ISD,Spring 2022,3,15,85,54,25,3905,STAAR - Reading,31,29,25
DICKINSON ISD,Spring 2022,3,23,77,50,28,84901,STAAR - Reading,27,22,28
DILLEY ISD,Spring 2022,3,43,57,31,16,82902,STAAR - Reading,26,15,16
DIME BOX ISD,Spring 2022,3,33,67,20,13,144903,STAAR - Reading,47,7,13
DIMMITT ISD,Spring 2022,3,45,55,25,14,35901,STAAR - Reading,30,11,14
DIVIDE ISD,Spring 2022,3,0,100,60,0,133905,STAAR - Reading,40,60,0
DODD CITY ISD,Spring 2022,3,12,88,58,29,74904,STAAR - Reading,30,29,29
DONNA ISD,Spring 2022,3,37,63,34,15,108902,STAAR - Reading,29,19,15
DOSS CONSOLIDATED CSD,Spring 2022,3,0,100,40,20,86024,STAAR - Reading,60,20,20
DOUGLASS ISD,Spring 2022,3,10,90,76,38,174911,STAAR - Reading,14,38,38
DR M L GARZA-GONZALEZ CHARTER SCHOOL (178801),Spring 2022,3,26,74,26,21,178801,STAAR - Reading,48,5,21
DRAW ACADEMY (101856),Spring 2022,3,43,57,20,11,101856,STAAR - Reading,37,9,11
DRIPPING SPRINGS ISD,Spring 2022,3,7,93,71,51,105904,STAAR - Reading,22,20,51
DRISCOLL ISD,Spring 2022,3,8,92,53,24,178905,STAAR - Reading,39,29,24
DUBLIN ISD,Spring 2022,3,5,95,77,49,72902,STAAR - Reading,18,28,49
DUMAS ISD,Spring 2022,3,24,76,52,23,171901,STAAR - Reading,24,29,23
DUNCANVILLE ISD (057907),Spring 2022,3,42,58,34,17,57907,STAAR - Reading,24,17,17
EAGLE MT-SAGINAW ISD,Spring 2022,3,26,74,49,26,220918,STAAR - Reading,25,23,26
EAGLE PASS ISD,Spring 2022,3,26,74,43,22,159901,STAAR - Reading,31,21,22
EANES ISD,Spring 2022,3,4,96,82,56,227909,STAAR - Reading,14,26,56
EARLY ISD,Spring 2022,3,14,86,55,31,25909,STAAR - Reading,31,24,31
EAST BERNARD ISD,Spring 2022,3,14,86,64,34,241902,STAAR - Reading,22,30,34
EAST CENTRAL ISD,Spring 2022,3,39,61,30,16,15911,STAAR - Reading,31,14,16
EAST CHAMBERS ISD,Spring 2022,3,16,84,56,28,36903,STAAR - Reading,28,28,28
EAST FORT WORTH MONTESSORI ACADEMY (220811),Spring 2022,3,21,79,54,32,220811,STAAR - Reading,25,22,32
EASTLAND ISD,Spring 2022,3,18,82,48,24,67903,STAAR - Reading,34,24,24
ECTOR COUNTY ISD,Spring 2022,3,32,68,40,21,68901,STAAR - Reading,28,19,21
ECTOR ISD,Spring 2022,3,57,43,29,7,74905,STAAR - Reading,14,22,7
EDCOUCH-ELSA ISD,Spring 2022,3,35,65,37,17,108903,STAAR - Reading,28,20,17
EDEN CISD (048901),Spring 2022,3,38,62,50,50,48901,STAAR - Reading,12,0,50
EDGEWOOD ISD (015905),Spring 2022,3,47,53,28,13,15905,STAAR - Reading,25,15,13
EDGEWOOD ISD (234903),Spring 2022,3,29,71,34,13,234903,STAAR - Reading,37,21,13
EDINBURG CISD,Spring 2022,3,21,79,52,30,108904,STAAR - Reading,27,22,30
EDNA ISD,Spring 2022,3,15,85,49,28,120901,STAAR - Reading,36,21,28
EDUCATION CENTER INTERNATIONAL ACADEMY,Spring 2022,3,23,77,34,19,57833,STAAR - Reading,43,15,19
EHRHART SCHOOL (123805),Spring 2022,3,9,91,54,26,123805,STAAR - Reading,37,28,26
EL CAMPO ISD,Spring 2022,3,28,72,45,26,241903,STAAR - Reading,27,19,26
EL PASO ISD,Spring 2022,3,20,80,55,32,71902,STAAR - Reading,25,23,32
ELEANOR KOLITZ HEBREW LANGUAGE ACADEMY (015836),Spring 2022,3,5,95,82,67,15836,STAAR - Reading,13,15,67
ELECTRA ISD,Spring 2022,3,69,31,23,11,243902,STAAR - Reading,8,12,11
ELGIN ISD,Spring 2022,3,31,69,39,17,11902,STAAR - Reading,30,22,17
ELKHART ISD,Spring 2022,3,12,88,56,31,1903,STAAR - Reading,32,25,31
ELYSIAN FIELDS ISD,Spring 2022,3,3,97,53,26,102906,STAAR - Reading,44,27,26
ENNIS ISD,Spring 2022,3,21,79,47,28,70903,STAAR - Reading,32,19,28
ERA ISD,Spring 2022,3,18,82,59,33,49906,STAAR - Reading,23,26,33
ETOILE ISD,Spring 2022,3,40,60,60,10,174910,STAAR - Reading,0,50,10
EULA ISD,Spring 2022,3,5,95,57,23,30906,STAAR - Reading,38,34,23
EUSTACE ISD,Spring 2022,3,18,82,57,28,107905,STAAR - Reading,25,29,28
EVADALE ISD,Spring 2022,3,29,71,29,10,121906,STAAR - Reading,42,19,10
EVANT ISD,Spring 2022,3,27,73,33,13,50901,STAAR - Reading,40,20,13
EVERMAN ISD,Spring 2022,3,29,71,42,27,220904,STAAR - Reading,29,15,27
EXCELLENCE IN LEADERSHIP ACADEMY (108809),Spring 2022,3,33,67,48,22,108809,STAAR - Reading,19,26,22
EXCELSIOR ISD,Spring 2022,3,60,40,20,20,210906,STAAR - Reading,20,0,20
EZZELL ISD,Spring 2022,3,0,100,88,38,143906,STAAR - Reading,12,50,38
FABENS ISD,Spring 2022,3,39,61,28,12,71903,STAAR - Reading,33,16,12
FAIRFIELD ISD,Spring 2022,3,28,72,46,31,81902,STAAR - Reading,26,15,31
FALLS CITY ISD,Spring 2022,3,0,100,73,50,128904,STAAR - Reading,27,23,50
FANNINDEL ISD,Spring 2022,3,36,64,18,9,60914,STAAR - Reading,46,9,9
FARMERSVILLE ISD,Spring 2022,3,18,82,61,39,43904,STAAR - Reading,21,22,39
FARWELL ISD,Spring 2022,3,8,92,79,28,185902,STAAR - Reading,13,51,28
FAYETTEVILLE ISD,Spring 2022,3,22,78,50,33,75906,STAAR - Reading,28,17,33
FERRIS ISD,Spring 2022,3,21,79,51,30,70905,STAAR - Reading,28,21,30
FLATONIA ISD,Spring 2022,3,7,93,74,44,75901,STAAR - Reading,19,30,44
FLORENCE ISD,Spring 2022,3,42,58,36,21,246902,STAAR - Reading,22,15,21
FLORESVILLE ISD,Spring 2022,3,24,76,49,28,247901,STAAR - Reading,27,21,28
FLOUR BLUFF ISD,Spring 2022,3,13,87,59,33,178914,STAAR - Reading,28,26,33
FLOYDADA COLLEGIATE ISD,Spring 2022,3,25,75,44,27,77901,STAAR - Reading,31,17,27
FOLLETT ISD,Spring 2022,3,18,82,45,9,148902,STAAR - Reading,37,36,9
FORESTBURG ISD,Spring 2022,3,20,80,40,20,169910,STAAR - Reading,40,20,20
FORNEY ISD,Spring 2022,3,23,77,51,31,129902,STAAR - Reading,26,20,31
FORSAN ISD,Spring 2022,3,18,82,58,40,114904,STAAR - Reading,24,18,40
FORT BEND ISD,Spring 2022,3,18,82,60,39,79907,STAAR - Reading,22,21,39
FORT ELLIOTT CISD,Spring 2022,3,23,77,46,23,242906,STAAR - Reading,31,23,23
FORT STOCKTON ISD,Spring 2022,3,23,77,42,20,186902,STAAR - Reading,35,22,20
FORT WORTH ACADEMY OF FINE ARTS (220809),Spring 2022,3,0,100,92,66,220809,STAAR - Reading,8,26,66
FORT WORTH ISD,Spring 2022,3,34,66,38,20,220905,STAAR - Reading,28,18,20
FRANKLIN ISD,Spring 2022,3,4,96,74,52,198903,STAAR - Reading,22,22,52
FRANKSTON ISD,Spring 2022,3,11,89,51,18,1904,STAAR - Reading,38,33,18
FREDERICKSBURG ISD,Spring 2022,3,21,79,58,37,86901,STAAR - Reading,21,21,37
FREER ISD,Spring 2022,3,18,82,44,18,66903,STAAR - Reading,38,26,18
FRENSHIP ISD,Spring 2022,3,14,86,63,39,152907,STAAR - Reading,23,24,39
FRIENDSWOOD ISD,Spring 2022,3,8,92,74,53,84911,STAAR - Reading,18,21,53
FRIONA ISD,Spring 2022,3,43,57,27,12,185903,STAAR - Reading,30,15,12
FRISCO ISD,Spring 2022,3,9,91,72,49,43905,STAAR - Reading,19,23,49
FROST ISD,Spring 2022,3,23,77,41,27,175905,STAAR - Reading,36,14,27
FRUITVALE ISD,Spring 2022,3,8,92,60,24,234909,STAAR - Reading,32,36,24
FT DAVIS ISD,Spring 2022,3,20,80,40,40,122901,STAAR - Reading,40,0,40
FT HANCOCK ISD,Spring 2022,3,29,71,25,17,115901,STAAR - Reading,46,8,17
FT SAM HOUSTON ISD,Spring 2022,3,18,82,59,42,15914,STAAR - Reading,23,17,42
HUNT ISD,Spring 2022,3,5,95,52,33,133902,STAAR - Reading,43,19,33
HUNTINGTON ISD,Spring 2022,3,18,82,51,25,3904,STAAR - Reading,31,26,25
HUNTSVILLE ISD,Spring 2022,3,36,64,39,21,236902,STAAR - Reading,25,18,21
HURST-EULESS-BEDFORD ISD,Spring 2022,3,14,86,64,41,220916,STAAR - Reading,22,23,41
HUTTO ISD,Spring 2022,3,20,80,50,32,246906,STAAR - Reading,30,18,32
IDALOU ISD,Spring 2022,3,7,93,80,66,152910,STAAR - Reading,13,14,66
IDEA PUBLIC SCHOOLS,Spring 2022,3,24,76,50,28,108807,STAAR - Reading,26,22,28
IMAGINE INTERNATIONAL ACADEMY OF NORTH TEXAS (043801),Spring 2022,3,7,93,73,51,43801,STAAR - Reading,20,22,51
INDUSTRIAL ISD,Spring 2022,3,0,100,76,46,120905,STAAR - Reading,24,30,46
INGLESIDE ISD,Spring 2022,3,20,80,56,32,205903,STAAR - Reading,24,24,32
INGRAM ISD,Spring 2022,3,24,76,47,20,133904,STAAR - Reading,29,27,20
INSPIRE ACADEMIES,Spring 2022,3,16,84,52,39,15808,STAAR - Reading,32,13,39
INSPIRED VISION ACADEMY,Spring 2022,3,40,60,29,22,57830,STAAR - Reading,31,7,22
INTERNATIONAL LEADERSHIP OF TEXAS (ILTEXAS),Spring 2022,3,34,66,39,21,57848,STAAR - Reading,27,18,21
IOLA ISD,Spring 2022,3,7,93,71,44,93903,STAAR - Reading,22,27,44
IOWA PARK CISD,Spring 2022,3,16,84,50,25,243903,STAAR - Reading,34,25,25
IRA ISD,Spring 2022,3,0,100,67,43,208903,STAAR - Reading,33,24,43
IRAAN-SHEFFIELD COLLEGIATE ISD,Spring 2022,3,39,61,26,17,186903,STAAR - Reading,35,9,17
IREDELL ISD,Spring 2022,3,0,100,83,50,18906,STAAR - Reading,17,33,50
IRION COUNTY ISD,Spring 2022,3,0,100,65,50,118902,STAAR - Reading,35,15,50
HIGHLAND PARK ISD (188903),Spring 2022,3,14,86,54,30,188903,STAAR - Reading,32,24,30
HILLSBORO ISD,Spring 2022,3,20,80,46,25,109904,STAAR - Reading,34,21,25
HITCHCOCK ISD,Spring 2022,3,36,64,28,20,84908,STAAR - Reading,36,8,20
HOLLAND ISD,Spring 2022,3,7,93,67,38,14905,STAAR - Reading,26,29,38
HOLLIDAY ISD,Spring 2022,3,21,79,48,31,5902,STAAR - Reading,31,17,31
HONDO ISD,Spring 2022,3,33,67,37,19,163904,STAAR - Reading,30,18,19
HONEY GROVE ISD,Spring 2022,3,3,97,72,47,74907,STAAR - Reading,25,25,47
HOOKS ISD,Spring 2022,3,11,89,78,51,19902,STAAR - Reading,11,27,51
HORIZON MONTESSORI PUBLIC SCHOOLS,Spring 2022,3,29,71,46,29,108802,STAAR - Reading,25,17,29
HOUSTON GATEWAY ACADEMY INC,Spring 2022,3,10,90,68,38,101828,STAAR - Reading,22,30,38
HOUSTON ISD (101912),Spring 2022,3,27,73,49,30,101912,STAAR - Reading,24,19,30
HOWE ISD,Spring 2022,3,26,74,45,27,91905,STAAR - Reading,29,18,27
HUBBARD ISD (019913),Spring 2022,3,29,71,43,0,19913,STAAR - Reading,28,43,0
HUBBARD ISD (109905),Spring 2022,3,25,75,50,25,109905,STAAR - Reading,25,25,25
HUCKABAY ISD,Spring 2022,3,7,93,72,31,72908,STAAR - Reading,21,41,31
HUDSON ISD,Spring 2022,3,19,81,53,29,3902,STAAR - Reading,28,24,29
HUFFMAN ISD,Spring 2022,3,24,76,49,24,101925,STAAR - Reading,27,25,24
HUGHES SPRINGS ISD,Spring 2022,3,17,83,52,24,34903,STAAR - Reading,31,28,24
HULL-DAISETTA ISD,Spring 2022,3,44,56,25,14,146905,STAAR - Reading,31,11,14
HUMBLE ISD,Spring 2022,3,21,79,53,30,101913,STAAR - Reading,26,23,30
HARTS BLUFF ISD,Spring 2022,3,29,71,38,16,225907,STAAR - Reading,33,22,16
HASKELL CISD,Spring 2022,3,15,85,53,30,104901,STAAR - Reading,32,23,30
HAWKINS ISD,Spring 2022,3,22,78,39,24,250902,STAAR - Reading,39,15,24
HAWLEY ISD,Spring 2022,3,23,77,52,27,127904,STAAR - Reading,25,25,27
HAYS CISD,Spring 2022,3,18,82,56,34,105906,STAAR - Reading,26,22,34
HEARNE ISD,Spring 2022,3,44,56,33,14,198905,STAAR - Reading,23,19,14
HEDLEY ISD,Spring 2022,3,0,100,88,75,65902,STAAR - Reading,12,13,75
HEMPHILL ISD,Spring 2022,3,20,80,45,21,202903,STAAR - Reading,35,24,21
HEMPSTEAD ISD,Spring 2022,3,37,63,37,17,237902,STAAR - Reading,26,20,17
HENDERSON ISD,Spring 2022,3,37,63,30,17,201902,STAAR - Reading,33,13,17
HENRIETTA ISD,Spring 2022,3,18,82,39,18,39902,STAAR - Reading,43,21,18
HEREFORD ISD,Spring 2022,3,24,76,41,21,59901,STAAR - Reading,35,20,21
HERITAGE ACADEMY (015815),Spring 2022,3,44,56,39,28,15815,STAAR - Reading,17,11,28
HERMLEIGH ISD,Spring 2022,3,36,64,45,27,208901,STAAR - Reading,19,18,27
HICO ISD,Spring 2022,3,9,91,63,23,97903,STAAR - Reading,28,40,23
HIDALGO ISD,Spring 2022,3,14,86,65,39,108905,STAAR - Reading,21,26,39
HIGH ISLAND ISD,Spring 2022,3,0,100,50,0,84903,STAAR - Reading,50,50,0
HIGH POINT ACADEMY (220819),Spring 2022,3,20,80,57,33,220819,STAAR - Reading,23,24,33
HIGHLAND ISD,Spring 2022,3,0,100,78,22,177905,STAAR - Reading,22,56,22
HIGHLAND PARK ISD (057911),Spring 2022,3,3,97,88,67,57911,STAAR - Reading,9,21,67
HAMLIN COLLEGIATE ISD,Spring 2022,3,32,68,47,24,127903,STAAR - Reading,21,23,24
HAMSHIRE-FANNETT ISD,Spring 2022,3,10,90,60,35,123914,STAAR - Reading,30,25,35
HAPPY ISD,Spring 2022,3,17,83,61,44,219901,STAAR - Reading,22,17,44
HARDIN ISD,Spring 2022,3,19,81,58,31,146904,STAAR - Reading,23,27,31
HARDIN-JEFFERSON ISD,Spring 2022,3,24,76,49,29,100905,STAAR - Reading,27,20,29
HARLANDALE ISD,Spring 2022,3,35,65,35,17,15904,STAAR - Reading,30,18,17
HARLETON ISD,Spring 2022,3,11,89,62,38,102905,STAAR - Reading,27,24,38
HARLINGEN CISD,Spring 2022,3,24,76,46,24,31903,STAAR - Reading,30,22,24
HARMONY ISD,Spring 2022,3,10,90,69,27,230905,STAAR - Reading,21,42,27
HARMONY PUBLIC SCHOOLS - CENTRAL TEXAS,Spring 2022,3,23,77,53,38,227816,STAAR - Reading,24,15,38
HARMONY PUBLIC SCHOOLS - HOUSTON NORTH,Spring 2022,3,25,75,50,28,101858,STAAR - Reading,25,22,28
HARMONY PUBLIC SCHOOLS - HOUSTON SOUTH,Spring 2022,3,23,77,49,22,101846,STAAR - Reading,28,27,22
HARMONY PUBLIC SCHOOLS - HOUSTON WEST,Spring 2022,3,18,82,58,39,101862,STAAR - Reading,24,19,39
HARMONY PUBLIC SCHOOLS - NORTH TEXAS,Spring 2022,3,28,72,45,26,161807,STAAR - Reading,27,19,26
HARMONY PUBLIC SCHOOLS - SOUTH TEXAS,Spring 2022,3,39,61,29,15,15828,STAAR - Reading,32,14,15
HARMONY PUBLIC SCHOOLS - WEST TEXAS,Spring 2022,3,23,77,51,31,71806,STAAR - Reading,26,20,31
HARPER ISD,Spring 2022,3,13,87,39,24,86902,STAAR - Reading,48,15,24
HARROLD ISD,Spring 2022,3,12,88,62,50,244901,STAAR - Reading,26,12,50
HART ISD (035902),Spring 2022,3,20,80,60,40,35902,STAAR - Reading,20,20,40
HARTLEY ISD,Spring 2022,3,10,90,57,38,103902,STAAR - Reading,33,19,38
GRANGER ISD,Spring 2022,3,43,57,21,7,246905,STAAR - Reading,36,14,7
GRAPE CREEK ISD,Spring 2022,3,30,70,49,30,226907,STAAR - Reading,21,19,30
GRAPELAND ISD,Spring 2022,3,20,80,53,23,113902,STAAR - Reading,27,30,23
GRAPEVINE-COLLEYVILLE ISD,Spring 2022,3,13,87,67,48,220906,STAAR - Reading,20,19,48
GREAT HEARTS TEXAS,Spring 2022,3,13,87,63,38,15835,STAAR - Reading,24,25,38
GREENVILLE ISD,Spring 2022,3,34,66,38,21,116905,STAAR - Reading,28,17,21
GREENWOOD ISD,Spring 2022,3,16,84,52,32,165902,STAAR - Reading,32,20,32
GREGORY-PORTLAND ISD,Spring 2022,3,18,82,52,31,205902,STAAR - Reading,30,21,31
GROESBECK ISD,Spring 2022,3,19,81,49,25,147902,STAAR - Reading,32,24,25
GROOM ISD,Spring 2022,3,0,100,90,60,33901,STAAR - Reading,10,30,60
GROVETON ISD,Spring 2022,3,27,73,46,21,228901,STAAR - Reading,27,25,21
GRUVER ISD,Spring 2022,3,5,95,80,40,98901,STAAR - Reading,15,40,40
GUNTER ISD,Spring 2022,3,10,90,59,34,91917,STAAR - Reading,31,25,34
GUSTINE ISD,Spring 2022,3,11,89,56,33,47903,STAAR - Reading,33,23,33
GUTHRIE CSD,Spring 2022,3,0,100,100,43,135001,STAAR - Reading,0,57,43
HALE CENTER ISD,Spring 2022,3,10,90,39,27,95903,STAAR - Reading,51,12,27
HALLETTSVILLE ISD,Spring 2022,3,17,83,53,31,143901,STAAR - Reading,30,22,31
HALLSBURG ISD,Spring 2022,3,5,95,53,16,161924,STAAR - Reading,42,37,16
HALLSVILLE ISD,Spring 2022,3,22,78,49,29,102904,STAAR - Reading,29,20,29
HAMILTON ISD,Spring 2022,3,17,83,56,24,97902,STAAR - Reading,27,32,24
GODLEY ISD,Spring 2022,3,20,80,52,27,126911,STAAR - Reading,28,25,27
GOLD BURG ISD,Spring 2022,3,14,86,71,29,169906,STAAR - Reading,15,42,29
GOLDEN RULE CHARTER SCHOOL (057835),Spring 2022,3,15,85,56,35,57835,STAAR - Reading,29,21,35
GOLDTHWAITE ISD,Spring 2022,3,5,95,71,50,167901,STAAR - Reading,24,21,50
GOLIAD ISD,Spring 2022,3,20,80,49,22,88902,STAAR - Reading,31,27,22
GONZALES ISD,Spring 2022,3,30,70,39,17,89901,STAAR - Reading,31,22,17
GOODRICH ISD,Spring 2022,3,38,62,33,19,187903,STAAR - Reading,29,14,19
GOODWATER MONTESSORI SCHOOL (246802),Spring 2022,3,42,58,50,31,246802,STAAR - Reading,8,19,31
GOOSE CREEK CISD,Spring 2022,3,26,74,48,26,101911,STAAR - Reading,26,22,26
GORDON ISD,Spring 2022,3,8,92,62,38,182901,STAAR - Reading,30,24,38
GORMAN ISD,Spring 2022,3,5,95,82,45,67904,STAAR - Reading,13,37,45
GRADY ISD,Spring 2022,3,0,100,91,64,156905,STAAR - Reading,9,27,64
GRAFORD ISD,Spring 2022,3,44,56,28,22,182902,STAAR - Reading,28,6,22
GRAHAM ISD,Spring 2022,3,22,78,50,33,252901,STAAR - Reading,28,17,33
GRANBURY ISD,Spring 2022,3,16,84,62,42,111901,STAAR - Reading,22,20,42
GRAND PRAIRIE ISD,Spring 2022,3,22,78,53,31,57910,STAAR - Reading,25,22,31
GRAND SALINE ISD,Spring 2022,3,26,74,43,22,234904,STAAR - Reading,31,21,22
GRANDFALLS-ROYALTY ISD,Spring 2022,3,38,62,23,23,238904,STAAR - Reading,39,0,23
GRANDVIEW ISD,Spring 2022,3,12,88,68,36,126904,STAAR - Reading,20,32,36
GRANDVIEW-HOPKINS ISD,Spring 2022,3,0,0,0,0,90905,STAAR - Reading,0,0,0
GAINESVILLE ISD,Spring 2022,3,42,58,37,17,49901,STAAR - Reading,21,20,17
GALENA PARK ISD (101910),Spring 2022,3,23,77,46,24,101910,STAAR - Reading,31,22,24
GALVESTON ISD,Spring 2022,3,22,78,49,29,84902,STAAR - Reading,29,20,29
GANADO ISD,Spring 2022,3,18,82,70,46,120902,STAAR - Reading,12,24,46
GARLAND ISD,Spring 2022,3,22,78,52,30,57909,STAAR - Reading,26,22,30
GARNER ISD (184911),Spring 2022,3,36,64,41,32,184911,STAAR - Reading,23,9,32
GARRISON ISD,Spring 2022,3,11,89,70,46,174903,STAAR - Reading,19,24,46
GARY ISD,Spring 2022,3,18,82,55,34,183904,STAAR - Reading,27,21,34
GATESVILLE ISD,Spring 2022,3,12,88,57,36,50902,STAAR - Reading,31,21,36
GATEWAY CHARTER ACADEMY (057831),Spring 2022,3,49,51,26,6,57831,STAAR - Reading,25,20,6
GAUSE ISD,Spring 2022,3,7,93,86,21,166902,STAAR - Reading,7,65,21
GEORGE GERVIN ACADEMY (015802),Spring 2022,3,58,42,23,10,15802,STAAR - Reading,19,13,10
GEORGE WEST ISD,Spring 2022,3,10,90,75,52,149901,STAAR - Reading,15,23,52
GEORGETOWN ISD,Spring 2022,3,25,75,49,30,246904,STAAR - Reading,26,19,30
GHOLSON ISD,Spring 2022,3,44,56,22,0,161925,STAAR - Reading,34,22,0
GIDDINGS ISD,Spring 2022,3,18,82,47,26,144901,STAAR - Reading,35,21,26
GILMER ISD,Spring 2022,3,26,74,48,24,230902,STAAR - Reading,26,24,24
GLADEWATER ISD,Spring 2022,3,40,60,31,15,92901,STAAR - Reading,29,16,15
GLASSCOCK COUNTY ISD,Spring 2022,3,7,93,86,71,87901,STAAR - Reading,7,15,71
GLEN ROSE ISD,Spring 2022,3,14,86,64,43,213901,STAAR - Reading,22,21,43
MOTLEY COUNTY ISD,Spring 2022,3,10,90,80,60,173901,STAAR - Reading,10,20,60
MOULTON ISD,Spring 2022,3,32,68,47,26,143902,STAAR - Reading,21,21,26
MOUNT CALM ISD (109910),Spring 2022,3,40,60,13,7,109910,STAAR - Reading,47,6,7
MOUNT ENTERPRISE ISD,Spring 2022,3,14,86,56,33,201907,STAAR - Reading,30,23,33
MOUNT PLEASANT ISD,Spring 2022,3,16,84,62,32,225902,STAAR - Reading,22,30,32
MOUNT VERNON ISD,Spring 2022,3,18,82,51,33,80901,STAAR - Reading,31,18,33
MUENSTER ISD,Spring 2022,3,9,91,77,66,49902,STAAR - Reading,14,11,66
MULESHOE ISD,Spring 2022,3,37,63,29,16,9901,STAAR - Reading,34,13,16
MULLIN ISD (167902),Spring 2022,3,43,57,43,43,167902,STAAR - Reading,14,0,43
MUMFORD ISD,Spring 2022,3,0,100,88,45,198906,STAAR - Reading,12,43,45
MUNDAY CISD,Spring 2022,3,17,83,45,28,138903,STAAR - Reading,38,17,28
MURCHISON ISD,Spring 2022,3,26,74,30,4,107908,STAAR - Reading,44,26,4
NACOGDOCHES ISD,Spring 2022,3,45,55,30,13,174904,STAAR - Reading,25,17,13
NATALIA ISD,Spring 2022,3,41,59,36,26,163903,STAAR - Reading,23,10,26
NAVARRO ISD,Spring 2022,3,14,86,50,26,94903,STAAR - Reading,36,24,26
NAVASOTA ISD,Spring 2022,3,24,76,46,21,93904,STAAR - Reading,30,25,21
NAZARETH ISD,Spring 2022,3,14,86,77,55,35903,STAAR - Reading,9,22,55
NECHES ISD,Spring 2022,3,10,90,65,30,1906,STAAR - Reading,25,35,30
NEDERLAND ISD,Spring 2022,3,12,88,64,36,123905,STAAR - Reading,24,28,36
NEEDVILLE ISD,Spring 2022,3,13,87,61,33,79906,STAAR - Reading,26,28,33
MIDWAY ISD (161903),Spring 2022,3,13,87,65,43,161903,STAAR - Reading,22,22,43
MILANO ISD,Spring 2022,3,0,100,80,40,166903,STAAR - Reading,20,40,40
MILDRED ISD,Spring 2022,3,22,78,57,31,175910,STAAR - Reading,21,26,31
MILES ISD,Spring 2022,3,9,91,75,44,200902,STAAR - Reading,16,31,44
MILFORD ISD,Spring 2022,3,20,80,50,30,70909,STAAR - Reading,30,20,30
MILLER GROVE ISD,Spring 2022,3,5,95,63,37,112907,STAAR - Reading,32,26,37
MILLSAP ISD,Spring 2022,3,33,67,37,23,184904,STAAR - Reading,30,14,23
MINEOLA ISD,Spring 2022,3,18,82,45,23,250903,STAAR - Reading,37,22,23
MINERAL WELLS ISD,Spring 2022,3,24,76,50,24,182903,STAAR - Reading,26,26,24
MISSION CISD (108908),Spring 2022,3,27,73,46,23,108908,STAAR - Reading,27,23,23
MONAHANS-WICKETT-PYOTE ISD,Spring 2022,3,13,87,60,38,238902,STAAR - Reading,27,22,38
MONTAGUE ISD,Spring 2022,3,0,100,60,40,169908,STAAR - Reading,40,20,40
MONTE ALTO ISD,Spring 2022,3,36,64,36,11,108915,STAAR - Reading,28,25,11
MONTESSORI FOR ALL,Spring 2022,3,18,82,55,38,227826,STAAR - Reading,27,17,38
MONTGOMERY ISD,Spring 2022,3,8,92,74,48,170903,STAAR - Reading,18,26,48
MOODY ISD,Spring 2022,3,9,91,63,43,161910,STAAR - Reading,28,20,43
MORAN ISD,Spring 2022,3,17,83,67,67,209902,STAAR - Reading,16,0,67
MORGAN ISD,Spring 2022,3,50,50,25,25,18903,STAAR - Reading,25,0,25
MORGAN MILL ISD,Spring 2022,3,36,64,45,18,72910,STAAR - Reading,19,27,18
MORTON ISD,Spring 2022,3,32,68,32,21,40901,STAAR - Reading,36,11,21
MEADOW ISD,Spring 2022,3,27,73,45,18,223902,STAAR - Reading,28,27,18
MEADOWLAND CHARTER DISTRICT,Spring 2022,3,67,33,17,17,130801,STAAR - Reading,16,0,17
MEDINA ISD,Spring 2022,3,15,85,65,25,10901,STAAR - Reading,20,40,25
MEDINA VALLEY ISD,Spring 2022,3,18,82,59,37,163908,STAAR - Reading,23,22,37
MELISSA ISD,Spring 2022,3,12,88,71,47,43908,STAAR - Reading,17,24,47
MEMPHIS ISD,Spring 2022,3,24,76,43,19,96904,STAAR - Reading,33,24,19
MENARD ISD,Spring 2022,3,27,73,53,13,164901,STAAR - Reading,20,40,13
MERCEDES ISD,Spring 2022,3,40,60,33,13,108907,STAAR - Reading,27,20,13
MERIDIAN ISD,Spring 2022,3,27,73,36,18,18902,STAAR - Reading,37,18,18
MERIDIAN WORLD SCHOOL LLC (246801),Spring 2022,3,4,96,81,60,246801,STAAR - Reading,15,21,60
MERKEL ISD,Spring 2022,3,35,65,41,18,221904,STAAR - Reading,24,23,18
MESQUITE ISD,Spring 2022,3,28,72,42,23,57914,STAAR - Reading,30,19,23
MEXIA ISD,Spring 2022,3,28,72,41,19,147903,STAAR - Reading,31,22,19
MEYERPARK ELEMENTARY,Spring 2022,3,27,73,40,19,101855,STAAR - Reading,33,21,19
MEYERSVILLE ISD,Spring 2022,3,6,94,65,41,62906,STAAR - Reading,29,24,41
MIAMI ISD,Spring 2022,3,8,92,42,33,197902,STAAR - Reading,50,9,33
MIDLAND ACADEMY CHARTER SCHOOL (165802),Spring 2022,3,10,90,65,48,165802,STAAR - Reading,25,17,48
MIDLAND ISD,Spring 2022,3,25,75,48,28,165901,STAAR - Reading,27,20,28
MIDLOTHIAN ISD,Spring 2022,3,13,87,58,37,70908,STAAR - Reading,29,21,37
MIDWAY ISD (039905),Spring 2022,3,45,55,36,18,39905,STAAR - Reading,19,18,18
MARION ISD,Spring 2022,3,20,80,58,37,94904,STAAR - Reading,22,21,37
MARLIN ISD,Spring 2022,3,51,49,22,9,73903,STAAR - Reading,27,13,9
MARSHALL ISD,Spring 2022,3,35,65,43,24,102902,STAAR - Reading,22,19,24
MART ISD,Spring 2022,3,20,80,40,25,161908,STAAR - Reading,40,15,25
MARTINS MILL ISD,Spring 2022,3,17,83,58,36,234905,STAAR - Reading,25,22,36
MARTINSVILLE ISD,Spring 2022,3,18,82,59,24,174909,STAAR - Reading,23,35,24
MASON ISD,Spring 2022,3,11,89,74,51,157901,STAAR - Reading,15,23,51
MATAGORDA ISD,Spring 2022,3,27,73,45,9,158904,STAAR - Reading,28,36,9
MATHIS ISD,Spring 2022,3,20,80,54,29,205904,STAAR - Reading,26,25,29
MAUD ISD,Spring 2022,3,12,88,61,45,19903,STAAR - Reading,27,16,45
MAY ISD,Spring 2022,3,29,71,43,29,25905,STAAR - Reading,28,14,29
MAYPEARL ISD,Spring 2022,3,13,87,57,34,70915,STAAR - Reading,30,23,34
MCALLEN ISD,Spring 2022,3,18,82,57,35,108906,STAAR - Reading,25,22,35
MCCAMEY ISD,Spring 2022,3,28,72,44,28,231901,STAAR - Reading,28,16,28
MCDADE ISD,Spring 2022,3,44,56,22,11,11905,STAAR - Reading,34,11,11
MCGREGOR ISD,Spring 2022,3,25,75,46,20,161909,STAAR - Reading,29,26,20
MCKINNEY ISD,Spring 2022,3,15,85,62,40,43907,STAAR - Reading,23,22,40
MCLEAN ISD,Spring 2022,3,17,83,33,17,90903,STAAR - Reading,50,16,17
MCLEOD ISD,Spring 2022,3,4,96,68,28,34906,STAAR - Reading,28,40,28
MCMULLEN COUNTY ISD,Spring 2022,3,19,81,69,50,162904,STAAR - Reading,12,19,50
LUBBOCK-COOPER ISD,Spring 2022,3,14,86,61,38,152906,STAAR - Reading,25,23,38
LUEDERS-AVOCA ISD,Spring 2022,3,20,80,40,20,127905,STAAR - Reading,40,20,20
LUFKIN ISD,Spring 2022,3,27,73,39,22,3903,STAAR - Reading,34,17,22
LULING ISD,Spring 2022,3,28,72,40,28,28903,STAAR - Reading,32,12,28
LUMBERTON ISD,Spring 2022,3,13,87,61,36,100907,STAAR - Reading,26,25,36
LUMIN EDUCATION,Spring 2022,3,26,74,52,37,57805,STAAR - Reading,22,15,37
LYFORD CISD,Spring 2022,3,37,63,29,13,245902,STAAR - Reading,34,16,13
LYTLE ISD,Spring 2022,3,36,64,35,13,7904,STAAR - Reading,29,22,13
MABANK ISD,Spring 2022,3,21,79,52,29,129905,STAAR - Reading,27,23,29
MADISONVILLE CISD,Spring 2022,3,17,83,50,27,154901,STAAR - Reading,33,23,27
MAGNOLIA ISD,Spring 2022,3,14,86,61,38,170906,STAAR - Reading,25,23,38
MALAKOFF ISD,Spring 2022,3,8,92,61,35,107906,STAAR - Reading,31,26,35
MALONE ISD,Spring 2022,3,39,61,39,11,109908,STAAR - Reading,22,28,11
MALTA ISD,Spring 2022,3,0,100,58,37,19910,STAAR - Reading,42,21,37
MANARA ACADEMY (057844),Spring 2022,3,32,68,43,23,57844,STAAR - Reading,25,20,23
MANOR ISD,Spring 2022,3,29,71,44,23,227907,STAAR - Reading,27,21,23
MANSFIELD ISD,Spring 2022,3,17,83,59,38,220908,STAAR - Reading,24,21,38
MARATHON ISD,Spring 2022,3,,,,,22902,STAAR - Reading,0,0,0
MARBLE FALLS ISD,Spring 2022,3,20,80,59,30,27904,STAAR - Reading,21,29,30
MARFA ISD,Spring 2022,3,16,84,53,16,189901,STAAR - Reading,31,37,16
LITTLEFIELD ISD,Spring 2022,3,24,76,34,16,140904,STAAR - Reading,42,18,16
LIVINGSTON ISD,Spring 2022,3,15,85,60,35,187907,STAAR - Reading,25,25,35
LLANO ISD,Spring 2022,3,19,81,47,24,150901,STAAR - Reading,34,23,24
LOCKHART ISD,Spring 2022,3,28,72,42,21,28902,STAAR - Reading,30,21,21
LOCKNEY ISD,Spring 2022,3,31,69,23,8,77902,STAAR - Reading,46,15,8
LOHN ISD,Spring 2022,3,33,67,40,27,160905,STAAR - Reading,27,13,27
LOMETA ISD,Spring 2022,3,45,55,27,5,141902,STAAR - Reading,28,22,5
LONDON ISD,Spring 2022,3,11,89,71,46,178906,STAAR - Reading,18,25,46
LONE OAK ISD,Spring 2022,3,13,87,60,35,116906,STAAR - Reading,27,25,35
LONE STAR LANGUAGE ACADEMY (043802),Spring 2022,3,5,95,59,41,43802,STAAR - Reading,36,18,41
LONGVIEW ISD,Spring 2022,3,24,76,56,34,92903,STAAR - Reading,20,22,34
LOOP ISD,Spring 2022,3,15,85,62,54,83902,STAAR - Reading,23,8,54
LORAINE ISD,Spring 2022,3,17,83,42,25,168902,STAAR - Reading,41,17,25
LORENA ISD,Spring 2022,3,7,93,70,49,161907,STAAR - Reading,23,21,49
LORENZO ISD (054902),Spring 2022,3,43,57,29,0,54902,STAAR - Reading,28,29,0
LOS FRESNOS CISD,Spring 2022,3,18,82,57,32,31906,STAAR - Reading,25,25,32
LOUISE ISD,Spring 2022,3,41,59,30,22,241906,STAAR - Reading,29,8,22
LOVEJOY ISD,Spring 2022,3,6,94,81,57,43919,STAAR - Reading,13,24,57
LOVELADY ISD,Spring 2022,3,16,84,53,21,113903,STAAR - Reading,31,32,21
LUBBOCK ISD,Spring 2022,3,22,78,51,29,152901,STAAR - Reading,27,22,29
LEGACY TRADITIONAL SCHOOLS - TEXAS,Spring 2022,3,61,39,13,3,15806,STAAR - Reading,26,10,3
LEGGETT ISD,Spring 2022,3,53,47,20,7,187906,STAAR - Reading,27,13,7
LEON ISD,Spring 2022,3,10,90,48,25,145911,STAAR - Reading,42,23,25
LEONARD ISD,Spring 2022,3,20,80,48,31,74909,STAAR - Reading,32,17,31
LEVELLAND ISD,Spring 2022,3,27,73,39,22,110902,STAAR - Reading,34,17,22
LEVERETTS CHAPEL ISD,Spring 2022,3,15,85,62,31,201904,STAAR - Reading,23,31,31
LEWISVILLE ISD,Spring 2022,3,16,84,62,41,61902,STAAR - Reading,22,21,41
LEXINGTON ISD,Spring 2022,3,21,79,52,26,144902,STAAR - Reading,27,26,26
LIBERTY HILL ISD,Spring 2022,3,16,84,62,37,246908,STAAR - Reading,22,25,37
LIBERTY ISD,Spring 2022,3,27,73,47,23,146906,STAAR - Reading,26,24,23
LIBERTY-EYLAU ISD,Spring 2022,3,43,57,28,12,19908,STAAR - Reading,29,16,12
LIFE SCHOOL,Spring 2022,3,33,67,40,21,57807,STAAR - Reading,27,19,21
LIGHTHOUSE PUBLIC SCHOOLS,Spring 2022,3,52,48,31,14,15825,STAAR - Reading,17,17,14
LINDALE ISD,Spring 2022,3,10,90,75,50,212903,STAAR - Reading,15,25,50
LINDEN-KILDARE CISD,Spring 2022,3,24,76,55,33,34905,STAAR - Reading,21,22,33
LINDSAY ISD,Spring 2022,3,11,89,67,42,49907,STAAR - Reading,22,25,42
LINGLEVILLE ISD,Spring 2022,3,0,100,75,31,72909,STAAR - Reading,25,44,31
LIPAN ISD,Spring 2022,3,12,88,73,35,111902,STAAR - Reading,15,38,35
LITTLE CYPRESS-MAURICEVILLE CISD,Spring 2022,3,26,74,46,26,181908,STAAR - Reading,28,20,26
LITTLE ELM ISD,Spring 2022,3,22,78,50,30,61914,STAAR - Reading,28,20,30
LAGO VISTA ISD,Spring 2022,3,16,84,61,46,227912,STAAR - Reading,23,15,46
LAKE DALLAS ISD,Spring 2022,3,30,70,44,28,61912,STAAR - Reading,26,16,28
LAKE TRAVIS ISD,Spring 2022,3,12,88,66,43,227913,STAAR - Reading,22,23,43
LAKE WORTH ISD,Spring 2022,3,51,49,23,9,220910,STAAR - Reading,26,14,9
LAMAR CISD,Spring 2022,3,15,85,64,39,79901,STAAR - Reading,21,25,39
LAMESA ISD,Spring 2022,3,35,65,41,20,58906,STAAR - Reading,24,21,20
LAMPASAS ISD,Spring 2022,3,19,81,57,30,141901,STAAR - Reading,24,27,30
LANCASTER ISD,Spring 2022,3,31,69,45,24,57913,STAAR - Reading,24,21,24
LANEVILLE ISD,Spring 2022,3,29,71,57,14,201903,STAAR - Reading,14,43,14
LAPOYNOR ISD,Spring 2022,3,4,96,74,26,107910,STAAR - Reading,22,48,26
LAREDO ISD,Spring 2022,3,23,77,49,27,240901,STAAR - Reading,28,22,27
LASARA ISD,Spring 2022,3,36,64,57,29,245901,STAAR - Reading,7,28,29
LATEXO ISD,Spring 2022,3,11,89,44,22,113905,STAAR - Reading,45,22,22
LAZBUDDIE ISD,Spring 2022,3,0,100,57,14,185904,STAAR - Reading,43,43,14
LEADERSHIP PREP SCHOOL (061804),Spring 2022,3,17,83,57,29,61804,STAAR - Reading,26,28,29
LEAKEY ISD,Spring 2022,3,24,76,35,12,193902,STAAR - Reading,41,23,12
LEANDER ISD,Spring 2022,3,14,86,66,43,246913,STAAR - Reading,20,23,43
LEARY ISD,Spring 2022,3,0,100,86,29,19914,STAAR - Reading,14,57,29
LEFORS ISD,Spring 2022,3,35,65,41,24,90902,STAAR - Reading,24,17,24
LEGACY PREPARATORY,Spring 2022,3,47,53,31,19,57846,STAAR - Reading,22,12,19
KLEIN ISD,Spring 2022,3,19,81,57,35,101915,STAAR - Reading,24,22,35
KLONDIKE ISD (058905),Spring 2022,3,0,100,72,44,58905,STAAR - Reading,28,28,44
KNIPPA ISD,Spring 2022,3,8,92,74,49,232901,STAAR - Reading,18,25,49
KNOX CITY-O'BRIEN CISD,Spring 2022,3,7,93,57,36,138902,STAAR - Reading,36,21,36
KOPPERL ISD,Spring 2022,3,22,78,44,22,18907,STAAR - Reading,34,22,22
KOUNTZE ISD,Spring 2022,3,24,76,45,28,100903,STAAR - Reading,31,17,28
KRESS ISD,Spring 2022,3,27,73,13,13,219905,STAAR - Reading,60,0,13
KRUM ISD,Spring 2022,3,19,81,53,32,61905,STAAR - Reading,28,21,32
LA ACADEMIA DE ESTRELLAS (057839),Spring 2022,3,16,84,45,21,57839,STAAR - Reading,39,24,21
LA FE PREPARATORY SCHOOL (071807),Spring 2022,3,33,67,33,33,71807,STAAR - Reading,34,0,33
LA FERIA ISD,Spring 2022,3,28,72,46,22,31905,STAAR - Reading,26,24,22
LA GLORIA ISD,Spring 2022,3,22,78,67,33,125906,STAAR - Reading,11,34,33
LA GRANGE ISD,Spring 2022,3,24,76,49,24,75902,STAAR - Reading,27,25,24
LA JOYA ISD,Spring 2022,3,23,77,49,24,108912,STAAR - Reading,28,25,24
LA PORTE ISD,Spring 2022,3,14,86,58,33,101916,STAAR - Reading,28,25,33
LA PRYOR ISD,Spring 2022,3,29,71,47,20,254902,STAAR - Reading,24,27,20
LA VEGA ISD,Spring 2022,3,17,83,49,22,161906,STAAR - Reading,34,27,22
LA VERNIA ISD,Spring 2022,3,19,81,53,32,247903,STAAR - Reading,28,21,32
LA VILLA ISD,Spring 2022,3,39,61,13,6,108914,STAAR - Reading,48,7,6
LACKLAND ISD,Spring 2022,3,16,84,56,34,15913,STAAR - Reading,28,22,34
IRVING ISD,Spring 2022,3,37,63,33,17,57912,STAAR - Reading,30,16,17
ITALY ISD,Spring 2022,3,39,61,33,17,70907,STAAR - Reading,28,16,17
ITASCA ISD,Spring 2022,3,30,70,38,17,109907,STAAR - Reading,32,21,17
JACKSBORO ISD,Spring 2022,3,33,67,43,20,119902,STAAR - Reading,24,23,20
JACKSONVILLE ISD,Spring 2022,3,30,70,42,22,37904,STAAR - Reading,28,20,22
JARRELL ISD,Spring 2022,3,36,64,34,18,246907,STAAR - Reading,30,16,18
JASPER ISD,Spring 2022,3,54,46,15,8,121904,STAAR - Reading,31,7,8
JAYTON-GIRARD ISD,Spring 2022,3,0,100,80,33,132902,STAAR - Reading,20,47,33
JEAN MASSIEU ACADEMY (057819),Spring 2022,3,27,73,27,20,57819,STAAR - Reading,46,7,20
JEFFERSON ISD,Spring 2022,3,18,82,57,35,155901,STAAR - Reading,25,22,35
JIM HOGG COUNTY ISD,Spring 2022,3,30,70,45,23,124901,STAAR - Reading,25,22,23
JOAQUIN ISD,Spring 2022,3,9,91,52,18,210902,STAAR - Reading,39,34,18
JOHNSON CITY ISD,Spring 2022,3,15,85,54,24,16901,STAAR - Reading,31,30,24
JONESBORO ISD,Spring 2022,3,17,83,56,22,50909,STAAR - Reading,27,34,22
JOSHUA ISD,Spring 2022,3,18,82,55,35,126905,STAAR - Reading,27,20,35
JOURDANTON ISD,Spring 2022,3,13,87,58,32,7902,STAAR - Reading,29,26,32
JUBILEE ACADEMIES,Spring 2022,3,35,65,39,21,15822,STAAR - Reading,26,18,21
JUDSON ISD,Spring 2022,3,26,74,45,25,15916,STAAR - Reading,29,20,25
JUNCTION ISD,Spring 2022,3,18,82,56,32,134901,STAAR - Reading,26,24,32
KARNACK ISD,Spring 2022,3,14,86,14,0,102901,STAAR - Reading,72,14,0
KARNES CITY ISD,Spring 2022,3,14,86,49,27,128901,STAAR - Reading,37,22,27
KATY ISD,Spring 2022,3,13,87,68,46,101914,STAAR - Reading,19,22,46
KAUFMAN ISD,Spring 2022,3,21,79,50,30,129903,STAAR - Reading,29,20,30
KEENE ISD,Spring 2022,3,17,83,59,37,126906,STAAR - Reading,24,22,37
KELLER ISD,Spring 2022,3,16,84,62,40,220907,STAAR - Reading,22,22,40
KELTON ISD,Spring 2022,3,14,86,71,29,242905,STAAR - Reading,15,42,29
KEMP ISD,Spring 2022,3,29,71,43,20,129904,STAAR - Reading,28,23,20
KENEDY COUNTY WIDE CSD,Spring 2022,3,40,60,30,10,131001,STAAR - Reading,30,20,10
KENEDY ISD,Spring 2022,3,26,74,44,10,128902,STAAR - Reading,30,34,10
KENNARD ISD (113906),Spring 2022,3,13,87,60,20,113906,STAAR - Reading,27,40,20
KENNEDALE ISD,Spring 2022,3,27,73,48,33,220914,STAAR - Reading,25,15,33
KERENS ISD,Spring 2022,3,22,78,34,22,175907,STAAR - Reading,44,12,22
KERMIT ISD,Spring 2022,3,39,61,28,9,248901,STAAR - Reading,33,19,9
KERRVILLE ISD,Spring 2022,3,13,87,64,40,133903,STAAR - Reading,23,24,40
KI CHARTER ACADEMY (105803),Spring 2022,3,,,,,105803,STAAR - Reading,0,0,0
KILGORE ISD,Spring 2022,3,18,82,55,35,92902,STAAR - Reading,27,20,35
KILLEEN ISD,Spring 2022,3,27,73,44,24,14906,STAAR - Reading,29,20,24
KINGSVILLE ISD,Spring 2022,3,34,66,37,22,137901,STAAR - Reading,29,15,22
KIPP TEXAS PUBLIC SCHOOLS,Spring 2022,3,36,64,39,22,227820,STAAR - Reading,25,17,22
KIRBYVILLE CISD,Spring 2022,3,19,81,50,32,121905,STAAR - Reading,31,18,32
NEW BOSTON ISD,Spring 2022,3,38,62,41,18,19905,STAAR - Reading,21,23,18
NEW BRAUNFELS ISD,Spring 2022,3,14,86,64,43,46901,STAAR - Reading,22,21,43
NEW CANEY ISD,Spring 2022,3,32,68,42,23,170908,STAAR - Reading,26,19,23
NEW DEAL ISD,Spring 2022,3,30,70,37,19,152902,STAAR - Reading,33,18,19
NEW DIANA ISD,Spring 2022,3,7,93,70,49,230906,STAAR - Reading,23,21,49
NEW HOME ISD,Spring 2022,3,0,100,88,71,153905,STAAR - Reading,12,17,71
NEW SUMMERFIELD ISD,Spring 2022,3,13,87,62,36,37908,STAAR - Reading,25,26,36
NEW WAVERLY ISD,Spring 2022,3,11,89,69,38,236901,STAAR - Reading,20,31,38
NEWCASTLE ISD,Spring 2022,3,42,58,50,33,252902,STAAR - Reading,8,17,33
NEWMAN INTERNATIONAL ACADEMY OF ARLINGTON (220817),Spring 2022,3,26,74,46,26,220817,STAAR - Reading,28,20,26
NEWTON ISD,Spring 2022,3,26,74,40,26,176902,STAAR - Reading,34,14,26
NIXON-SMILEY CISD,Spring 2022,3,21,79,53,35,89903,STAAR - Reading,26,18,35
NOCONA ISD,Spring 2022,3,25,75,55,38,169902,STAAR - Reading,20,17,38
NORDHEIM ISD,Spring 2022,3,10,90,50,0,62902,STAAR - Reading,40,50,0
NORMANGEE ISD,Spring 2022,3,31,69,50,31,145906,STAAR - Reading,19,19,31
NORTH EAST ISD,Spring 2022,3,19,81,58,37,15910,STAAR - Reading,23,21,37
NORTH HOPKINS ISD,Spring 2022,3,9,91,65,44,112906,STAAR - Reading,26,21,44
NORTH LAMAR ISD,Spring 2022,3,26,74,47,27,139911,STAAR - Reading,27,20,27
NORTH TEXAS COLLEGIATE ACADEMY,Spring 2022,3,42,58,30,16,61802,STAAR - Reading,28,14,16
NORTH ZULCH ISD,Spring 2022,3,11,89,61,25,154903,STAAR - Reading,28,36,25
NORTHSIDE ISD (015915),Spring 2022,3,25,75,49,29,15915,STAAR - Reading,26,20,29
NORTHSIDE ISD (244905),Spring 2022,3,9,91,68,41,244905,STAAR - Reading,23,27,41
NORTHWEST ISD,Spring 2022,3,18,82,58,37,61911,STAAR - Reading,24,21,37
NOVA ACADEMY (057809),Spring 2022,3,38,62,25,12,57809,STAAR - Reading,37,13,12
NOVA ACADEMY SOUTHEAST,Spring 2022,3,50,50,33,17,57827,STAAR - Reading,17,16,17
NUECES CANYON CISD,Spring 2022,3,11,89,44,28,69902,STAAR - Reading,45,16,28
NURSERY ISD,Spring 2022,3,6,94,71,59,235904,STAAR - Reading,23,12,59
NYOS CHARTER SCHOOL (227804),Spring 2022,3,15,85,67,48,227804,STAAR - Reading,18,19,48
O'DONNELL ISD,Spring 2022,3,35,65,35,19,153903,STAAR - Reading,30,16,19
OAKWOOD ISD,Spring 2022,3,26,74,47,16,145907,STAAR - Reading,27,31,16
ODEM-EDROY ISD,Spring 2022,3,24,76,45,29,205905,STAAR - Reading,31,16,29
ODYSSEY ACADEMY INC,Spring 2022,3,22,78,50,23,84802,STAAR - Reading,28,27,23
OGLESBY ISD,Spring 2022,3,41,59,29,18,50904,STAAR - Reading,30,11,18
OLFEN ISD,Spring 2022,3,14,86,86,43,200906,STAAR - Reading,0,43,43
OLNEY ISD,Spring 2022,3,26,74,49,30,252903,STAAR - Reading,25,19,30
OLTON ISD,Spring 2022,3,10,90,67,44,140905,STAAR - Reading,23,23,44
ONALASKA ISD,Spring 2022,3,17,83,49,32,187910,STAAR - Reading,34,17,32
ORANGE GROVE ISD,Spring 2022,3,16,84,63,43,125903,STAAR - Reading,21,20,43
ORANGEFIELD ISD,Spring 2022,3,20,80,59,35,181905,STAAR - Reading,21,24,35
ORE CITY ISD,Spring 2022,3,26,74,46,23,230903,STAAR - Reading,28,23,23
ORENDA CHARTER SCHOOL,Spring 2022,3,9,91,72,44,14804,STAAR - Reading,19,28,44
OVERTON ISD,Spring 2022,3,10,90,61,35,201908,STAAR - Reading,29,26,35
PADUCAH ISD,Spring 2022,3,29,71,14,7,51901,STAAR - Reading,57,7,7
PAINT CREEK ISD,Spring 2022,3,14,86,57,14,104907,STAAR - Reading,29,43,14
PAINT ROCK ISD,Spring 2022,3,33,67,42,17,48903,STAAR - Reading,25,25,17
PALACIOS ISD,Spring 2022,3,24,76,49,28,158905,STAAR - Reading,27,21,28
PALESTINE ISD,Spring 2022,3,25,75,50,29,1907,STAAR - Reading,25,21,29
PALMER ISD,Spring 2022,3,18,82,53,33,70910,STAAR - Reading,29,20,33
PALO PINTO ISD,Spring 2022,3,10,90,80,60,182906,STAAR - Reading,10,20,60
PAMPA ISD,Spring 2022,3,30,70,44,22,90904,STAAR - Reading,26,22,22
PANHANDLE ISD,Spring 2022,3,17,82,55,47,33902,STAAR - Reading,27,8,47
PANTHER CREEK CISD,Spring 2022,3,31,69,38,31,42905,STAAR - Reading,31,7,31
PARADISE ISD,Spring 2022,3,10,90,57,35,249906,STAAR - Reading,33,22,35
PARIS ISD,Spring 2022,3,30,70,40,21,139909,STAAR - Reading,30,19,21
PASADENA ISD,Spring 2022,3,24,76,45,24,101917,STAAR - Reading,31,21,24
PATTON SPRINGS ISD,Spring 2022,3,0,100,60,60,63906,STAAR - Reading,40,0,60
PAWNEE ISD,Spring 2022,3,65,35,29,24,13902,STAAR - Reading,6,5,24
PEARLAND ISD,Spring 2022,3,13,87,66,45,20908,STAAR - Reading,21,21,45
PEARSALL ISD,Spring 2022,3,38,62,35,18,82903,STAAR - Reading,27,17,18
PEASTER ISD,Spring 2022,3,25,75,49,30,184908,STAAR - Reading,26,19,30
PECOS-BARSTOW-TOYAH ISD,Spring 2022,3,39,61,31,14,195901,STAAR - Reading,30,17,14
PEGASUS SCHOOL OF LIBERAL ARTS AND SCIENCES,Spring 2022,3,45,55,19,6,57802,STAAR - Reading,36,13,6
PENELOPE ISD,Spring 2022,3,21,79,50,21,109914,STAAR - Reading,29,29,21
PERRIN-WHITT CISD,Spring 2022,3,11,89,44,17,119903,STAAR - Reading,45,27,17
PERRYTON ISD,Spring 2022,3,15,85,52,22,179901,STAAR - Reading,33,30,22
PETERSBURG ISD,Spring 2022,3,38,62,15,15,95904,STAAR - Reading,47,0,15
PETROLIA CISD,Spring 2022,3,28,72,36,17,39903,STAAR - Reading,36,19,17
PETTUS ISD,Spring 2022,3,10,90,57,33,13903,STAAR - Reading,33,24,33
PEWITT CISD,Spring 2022,3,7,93,79,35,172905,STAAR - Reading,14,44,35
PFLUGERVILLE ISD,Spring 2022,3,21,79,56,35,227904,STAAR - Reading,23,21,35
PHARR-SAN JUAN-ALAMO ISD,Spring 2022,3,27,73,46,24,108909,STAAR - Reading,27,22,24
PILOT POINT ISD,Spring 2022,3,21,79,54,24,61903,STAAR - Reading,25,30,24
PINE TREE ISD,Spring 2022,3,17,83,58,32,92904,STAAR - Reading,25,26,32
PINEYWOODS COMMUNITY ACADEMY,Spring 2022,3,22,78,53,31,3801,STAAR - Reading,25,22,31
PIONEER TECHNOLOGY & ARTS ACADEMY,Spring 2022,3,16,84,57,31,57850,STAAR - Reading,27,26,31
PITTSBURG ISD,Spring 2022,3,25,75,37,19,32902,STAAR - Reading,38,18,19
PLAINS ISD,Spring 2022,3,32,68,46,21,251902,STAAR - Reading,22,25,21
PLAINVIEW ISD,Spring 2022,3,32,68,34,16,95905,STAAR - Reading,34,18,16
PLANO ISD,Spring 2022,3,13,87,67,46,43910,STAAR - Reading,20,21,46
PLEASANT GROVE ISD,Spring 2022,3,8,92,72,42,19912,STAAR - Reading,20,30,42
PLEASANTON ISD,Spring 2022,3,35,65,43,22,7905,STAAR - Reading,22,21,22
PLEMONS-STINNETT-PHILLIPS CISD,Spring 2022,3,17,83,54,34,117904,STAAR - Reading,29,20,34
POINT ISABEL ISD,Spring 2022,3,24,76,45,28,31909,STAAR - Reading,31,17,28
PONDER ISD,Spring 2022,3,23,77,46,26,61906,STAAR - Reading,31,20,26
POOLVILLE ISD,Spring 2022,3,7,93,72,49,184901,STAAR - Reading,21,23,49
PORT ARANSAS ISD,Spring 2022,3,28,72,54,36,178908,STAAR - Reading,18,18,36
PORT ARTHUR ISD,Spring 2022,3,37,63,31,15,123907,STAAR - Reading,32,16,15
PORT NECHES-GROVES ISD,Spring 2022,3,12,88,58,33,123908,STAAR - Reading,30,25,33
POST ISD,Spring 2022,3,49,51,24,9,85902,STAAR - Reading,27,15,9
POTEET ISD,Spring 2022,3,50,50,25,15,7906,STAAR - Reading,25,10,15
POTH ISD,Spring 2022,3,7,93,67,45,247904,STAAR - Reading,26,22,45
POTTSBORO ISD,Spring 2022,3,12,88,51,24,91913,STAAR - Reading,37,27,24
PRAIRIE LEA ISD,Spring 2022,3,65,35,12,6,28906,STAAR - Reading,23,6,6
PRAIRIE VALLEY ISD,Spring 2022,3,0,100,64,18,169909,STAAR - Reading,36,46,18
PRAIRILAND ISD,Spring 2022,3,16,84,66,39,139912,STAAR - Reading,18,27,39
PREMONT ISD,Spring 2022,3,24,76,37,13,125905,STAAR - Reading,39,24,13
PRESIDIO ISD,Spring 2022,3,48,52,27,15,189902,STAAR - Reading,25,12,15
PRIDDY ISD,Spring 2022,3,40,60,20,20,167904,STAAR - Reading,40,0,20
PRINCETON ISD,Spring 2022,3,23,77,52,31,43911,STAAR - Reading,25,21,31
PRINGLE-MORSE CISD,Spring 2022,3,10,90,70,30,98903,STAAR - Reading,20,40,30
BAKERRIPLEY COMMUNITY SCHOOLS,Spring 2022,3,42,58,31,15,101853,STAAR - Reading,27,16,15
PRIORITY CHARTER SCHOOLS,Spring 2022,3,17,83,53,28,14803,STAAR - Reading,30,25,28
PROGRESO ISD,Spring 2022,3,43,57,36,19,108910,STAAR - Reading,21,17,19
PROMESA ACADEMY CHARTER SCHOOL (015839),Spring 2022,3,36,64,42,33,15839,STAAR - Reading,22,9,33
PROSPER ISD,Spring 2022,3,11,89,67,43,43912,STAAR - Reading,22,24,43
QUANAH ISD,Spring 2022,3,3,97,71,60,99903,STAAR - Reading,26,11,60
QUEEN CITY ISD,Spring 2022,3,22,78,39,19,34907,STAAR - Reading,39,20,19
QUINLAN ISD,Spring 2022,3,44,56,28,15,116908,STAAR - Reading,28,13,15
QUITMAN ISD,Spring 2022,3,9,91,61,26,250904,STAAR - Reading,30,35,26
RAINS ISD,Spring 2022,3,17,83,47,23,190903,STAAR - Reading,36,24,23
RALLS ISD,Spring 2022,3,76,24,19,10,54903,STAAR - Reading,5,9,10
RAMIREZ CSD,Spring 2022,3,40,60,40,20,66005,STAAR - Reading,20,20,20
RANDOLPH FIELD ISD,Spring 2022,3,9,91,64,44,15906,STAAR - Reading,27,20,44
RANGER ISD,Spring 2022,3,19,81,33,19,67907,STAAR - Reading,48,14,19
RANKIN ISD,Spring 2022,3,42,58,38,21,231902,STAAR - Reading,20,17,21
RAPOPORT ACADEMY PUBLIC SCHOOL,Spring 2022,3,55,45,26,9,161802,STAAR - Reading,19,17,9
RAUL YZAGUIRRE SCHOOLS FOR SUCCESS,Spring 2022,3,24,76,49,30,101806,STAAR - Reading,27,19,30
RAYMONDVILLE ISD,Spring 2022,3,20,80,51,31,245903,STAAR - Reading,29,20,31
REAGAN COUNTY ISD,Spring 2022,3,23,77,47,22,192901,STAAR - Reading,30,25,22
RED LICK ISD,Spring 2022,3,2,98,89,58,19911,STAAR - Reading,9,31,58
RED OAK ISD,Spring 2022,3,23,77,50,27,70911,STAAR - Reading,27,23,27
REDWATER ISD,Spring 2022,3,16,84,43,18,19906,STAAR - Reading,41,25,18
REFUGIO ISD,Spring 2022,3,23,77,45,20,196903,STAAR - Reading,32,25,20
REVE PREPARATORY CHARTER SCHOOL (101876),Spring 2022,3,21,79,29,4,101876,STAAR - Reading,50,25,4
RICARDO ISD,Spring 2022,3,12,88,60,30,137902,STAAR - Reading,28,30,30
RICE CISD,Spring 2022,3,21,79,47,24,45903,STAAR - Reading,32,23,24
RICE ISD,Spring 2022,3,32,68,35,20,175911,STAAR - Reading,33,15,20
RICHARDS ISD,Spring 2022,3,11,89,78,44,93905,STAAR - Reading,11,34,44
RICHARDSON ISD,Spring 2022,3,26,74,52,34,57916,STAAR - Reading,22,18,34
RICHLAND SPRINGS ISD,Spring 2022,3,0,100,20,20,206902,STAAR - Reading,80,0,20
RIESEL ISD,Spring 2022,3,18,82,48,34,161912,STAAR - Reading,34,14,34
RIO GRANDE CITY GRULLA ISD,Spring 2022,3,32,68,37,20,214901,STAAR - Reading,31,17,20
RIO HONDO ISD,Spring 2022,3,26,74,42,25,31911,STAAR - Reading,32,17,25
RIO VISTA ISD,Spring 2022,3,26,74,40,26,126907,STAAR - Reading,34,14,26
RISE ACADEMY (152802),Spring 2022,3,3,97,77,42,152802,STAAR - Reading,20,35,42
RISING STAR ISD,Spring 2022,3,53,47,27,20,67908,STAAR - Reading,20,7,20
RIVER ROAD ISD,Spring 2022,3,34,66,39,20,188902,STAAR - Reading,27,19,20
RIVERCREST ISD,Spring 2022,3,19,81,47,28,194903,STAAR - Reading,34,19,28
RIVIERA ISD,Spring 2022,3,30,70,48,30,137903,STAAR - Reading,22,18,30
ROBERT LEE ISD,Spring 2022,3,33,67,33,17,41902,STAAR - Reading,34,16,17
ROBINSON ISD,Spring 2022,3,16,84,57,41,161922,STAAR - Reading,27,16,41
ROBSTOWN ISD,Spring 2022,3,37,63,36,18,178909,STAAR - Reading,27,18,18
ROBY CISD (076903),Spring 2022,3,36,64,48,32,76903,STAAR - Reading,16,16,32
ROCHELLE ISD,Spring 2022,3,7,93,71,50,160904,STAAR - Reading,22,21,50
ROCKDALE ISD,Spring 2022,3,18,82,45,16,166904,STAAR - Reading,37,29,16
ROCKSPRINGS ISD,Spring 2022,3,33,67,50,28,69901,STAAR - Reading,17,22,28
ROCKWALL ISD,Spring 2022,3,13,87,66,44,199901,STAAR - Reading,21,22,44
ROGERS ISD,Spring 2022,3,16,84,51,28,14907,STAAR - Reading,33,23,28
ROMA ISD,Spring 2022,3,12,88,68,45,214903,STAAR - Reading,20,23,45
ROOSEVELT ISD,Spring 2022,3,30,70,37,10,152908,STAAR - Reading,33,27,10
ROPES ISD,Spring 2022,3,11,89,69,47,110905,STAAR - Reading,20,22,47
ROSCOE COLLEGIATE ISD,Spring 2022,3,47,53,26,12,177901,STAAR - Reading,27,14,12
ROSEBUD-LOTT ISD,Spring 2022,3,29,71,50,29,73905,STAAR - Reading,21,21,29
ROTAN ISD,Spring 2022,3,10,90,45,25,76904,STAAR - Reading,45,20,25
ROUND ROCK ISD,Spring 2022,3,14,86,68,49,246909,STAAR - Reading,18,19,49
ROUND TOP-CARMINE ISD,Spring 2022,3,6,94,78,39,75908,STAAR - Reading,16,39,39
ROYAL ISD,Spring 2022,3,22,78,53,31,237905,STAAR - Reading,25,22,31
ROYSE CITY ISD,Spring 2022,3,17,83,56,31,199902,STAAR - Reading,27,25,31
RULE ISD,Spring 2022,3,29,71,29,14,104903,STAAR - Reading,42,15,14
RUNGE ISD,Spring 2022,3,64,36,9,9,128903,STAAR - Reading,27,0,9
RUSK ISD,Spring 2022,3,7,93,58,29,37907,STAAR - Reading,35,29,29
S AND S CISD,Spring 2022,3,18,82,54,30,91914,STAAR - Reading,28,24,30
SABINAL ISD,Spring 2022,3,32,68,55,18,232902,STAAR - Reading,13,37,18
SABINE ISD,Spring 2022,3,13,87,53,31,92906,STAAR - Reading,34,22,31
SABINE PASS ISD,Spring 2022,3,21,79,58,21,123913,STAAR - Reading,21,37,21
SAINT JO ISD,Spring 2022,3,21,79,63,26,169911,STAAR - Reading,16,37,26
SALADO ISD,Spring 2022,3,20,80,49,29,14908,STAAR - Reading,31,20,29
SALTILLO ISD,Spring 2022,3,0,100,64,21,112909,STAAR - Reading,36,43,21
SAM HOUSTON STATE UNIVERSITY CHARTER SCHOOL (236802),Spring 2022,3,7,93,70,42,236802,STAAR - Reading,23,28,42
SAM RAYBURN ISD,Spring 2022,3,9,91,82,41,74917,STAAR - Reading,9,41,41
SAN ANGELO ISD,Spring 2022,3,30,70,43,25,226903,STAAR - Reading,27,18,25
SAN ANTONIO ISD,Spring 2022,3,41,59,33,17,15907,STAAR - Reading,26,16,17
SAN AUGUSTINE ISD,Spring 2022,3,46,54,27,15,203901,STAAR - Reading,27,12,15
SAN BENITO CISD,Spring 2022,3,32,68,41,22,31912,STAAR - Reading,27,19,22
SAN DIEGO ISD,Spring 2022,3,32,68,41,21,66902,STAAR - Reading,27,20,21
SAN ELIZARIO ISD,Spring 2022,3,25,75,40,22,71904,STAAR - Reading,35,18,22
SAN FELIPE-DEL RIO CISD,Spring 2022,3,28,72,40,22,233901,STAAR - Reading,32,18,22
SAN ISIDRO ISD,Spring 2022,3,0,100,40,20,214902,STAAR - Reading,60,20,20
SAN MARCOS CISD,Spring 2022,3,30,70,44,26,105902,STAAR - Reading,26,18,26
SAN PERLITA ISD,Spring 2022,3,24,76,35,18,245904,STAAR - Reading,41,17,18
SAN SABA ISD,Spring 2022,3,9,91,58,30,206901,STAAR - Reading,33,28,30
SAN VICENTE ISD,Spring 2022,3,,,,,22903,STAAR - Reading,0,0,0
SANDS CISD (058909),Spring 2022,3,18,82,35,18,58909,STAAR - Reading,47,17,18
SANFORD-FRITCH ISD,Spring 2022,3,13,87,64,29,117903,STAAR - Reading,23,35,29
SANGER ISD,Spring 2022,3,24,76,47,30,61908,STAAR - Reading,29,17,30
SANTA ANNA ISD,Spring 2022,3,9,91,64,36,42903,STAAR - Reading,27,28,36
SANTA FE ISD,Spring 2022,3,21,79,52,32,84909,STAAR - Reading,27,20,32
SANTA GERTRUDIS ISD,Spring 2022,3,20,80,53,30,137904,STAAR - Reading,27,23,30
SANTA MARIA ISD,Spring 2022,3,24,76,27,18,31913,STAAR - Reading,49,9,18
SANTA ROSA ISD,Spring 2022,3,24,76,37,17,31914,STAAR - Reading,39,20,17
SANTO ISD,Spring 2022,3,3,97,67,50,182904,STAAR - Reading,30,17,50
SAVOY ISD,Spring 2022,3,10,90,76,48,74911,STAAR - Reading,14,28,48
SCHERTZ-CIBOLO-U CITY ISD,Spring 2022,3,22,78,48,28,94902,STAAR - Reading,30,20,28
SCHLEICHER ISD,Spring 2022,3,22,78,44,25,207901,STAAR - Reading,34,19,25
SCHOOL OF SCIENCE AND TECHNOLOGY (015827),Spring 2022,3,26,74,49,28,15827,STAAR - Reading,25,21,28
SCHOOL OF SCIENCE AND TECHNOLOGY DISCOVERY (015831),Spring 2022,3,22,78,50,30,15831,STAAR - Reading,28,20,30
SCHULENBURG ISD,Spring 2022,3,33,68,33,20,75903,STAAR - Reading,35,13,20
SCURRY-ROSSER ISD,Spring 2022,3,19,81,47,21,129910,STAAR - Reading,34,26,21
SEAGRAVES ISD,Spring 2022,3,66,34,12,0,83901,STAAR - Reading,22,12,0
SEALY ISD,Spring 2022,3,19,81,52,28,8902,STAAR - Reading,29,24,28
SEASHORE CHARTER SCHOOLS,Spring 2022,3,11,89,70,57,178808,STAAR - Reading,19,13,57
SEGUIN ISD,Spring 2022,3,30,70,42,27,94901,STAAR - Reading,28,15,27
SEMINOLE ISD,Spring 2022,3,17,83,54,32,83903,STAAR - Reading,29,22,32
SER-NINOS CHARTER SCHOOL,Spring 2022,3,41,59,35,20,101802,STAAR - Reading,24,15,20
SEYMOUR ISD,Spring 2022,3,17,83,48,25,12901,STAAR - Reading,35,23,25
SHALLOWATER ISD,Spring 2022,3,4,96,81,55,152909,STAAR - Reading,15,26,55
SHAMROCK ISD,Spring 2022,3,17,83,43,26,242902,STAAR - Reading,40,17,26
SHARYLAND ISD,Spring 2022,3,14,86,61,34,108911,STAAR - Reading,25,27,34
SHELBYVILLE ISD,Spring 2022,3,6,94,63,41,210903,STAAR - Reading,31,22,41
SHELDON ISD,Spring 2022,3,34,66,36,19,101924,STAAR - Reading,30,17,19
SHEPHERD ISD,Spring 2022,3,36,64,36,16,204904,STAAR - Reading,28,20,16
SHERMAN ISD,Spring 2022,3,35,65,36,21,91906,STAAR - Reading,29,15,21
SHINER ISD,Spring 2022,3,12,88,63,43,143903,STAAR - Reading,25,20,43
SIDNEY ISD,Spring 2022,3,20,80,33,27,47905,STAAR - Reading,47,6,27
SIERRA BLANCA ISD,Spring 2022,3,50,50,17,17,115902,STAAR - Reading,33,0,17
SILSBEE ISD,Spring 2022,3,33,67,36,19,100904,STAAR - Reading,31,17,19
SILVERTON ISD,Spring 2022,3,17,83,67,42,23902,STAAR - Reading,16,25,42
SIMMS ISD,Spring 2022,3,12,88,78,38,19909,STAAR - Reading,10,40,38
SINTON ISD,Spring 2022,3,24,76,49,34,205906,STAAR - Reading,27,15,34
SIVELLS BEND ISD,Spring 2022,3,0,100,70,10,49909,STAAR - Reading,30,60,10
YSLETA ISD,Spring 2022,3,19,81,53,30,71905,STAAR - Reading,28,23,30
ZAPATA COUNTY ISD,Spring 2022,3,27,73,45,19,253901,STAAR - Reading,28,26,19
ZAVALLA ISD,Spring 2022,3,18,82,41,24,3906,STAAR - Reading,41,17,24
ZEPHYR ISD,Spring 2022,3,0,100,64,36,25906,STAAR - Reading,36,28,36
WILLS POINT ISD,Spring 2022,3,29,71,42,16,234907,STAAR - Reading,29,26,16
WILSON ISD,Spring 2022,3,25,75,25,0,153907,STAAR - Reading,50,25,0
WIMBERLEY ISD,Spring 2022,3,12,88,69,45,105905,STAAR - Reading,19,24,45
WINDTHORST ISD,Spring 2022,3,9,91,55,39,5904,STAAR - Reading,36,16,39
WINK-LOVING ISD,Spring 2022,3,12,88,58,21,248902,STAAR - Reading,30,37,21
WINNSBORO ISD,Spring 2022,3,25,75,48,29,250907,STAAR - Reading,27,19,29
WINONA ISD,Spring 2022,3,31,69,40,26,212910,STAAR - Reading,29,14,26
WINTERS ISD,Spring 2022,3,11,89,53,42,200904,STAAR - Reading,36,11,42
WODEN ISD,Spring 2022,3,8,92,44,31,174906,STAAR - Reading,48,13,31
WOLFE CITY ISD,Spring 2022,3,6,94,62,26,116909,STAAR - Reading,32,36,26
WOODSBORO ISD,Spring 2022,3,33,67,44,26,196902,STAAR - Reading,23,18,26
WOODSON ISD,Spring 2022,3,43,57,43,14,224902,STAAR - Reading,14,29,14
WOODVILLE ISD,Spring 2022,3,34,66,38,22,229903,STAAR - Reading,28,16,22
WORTHAM ISD,Spring 2022,3,30,70,37,23,81905,STAAR - Reading,33,14,23
WYLIE ISD (043914),Spring 2022,3,9,91,73,51,43914,STAAR - Reading,18,22,51
WYLIE ISD (221912),Spring 2022,3,12,88,67,41,221912,STAAR - Reading,21,26,41
YANTIS ISD,Spring 2022,3,24,76,52,24,250905,STAAR - Reading,24,28,24
YES PREP PUBLIC SCHOOLS INC,Spring 2022,3,25,75,47,27,101845,STAAR - Reading,28,20,27
YOAKUM ISD,Spring 2022,3,5,95,60,27,62903,STAAR - Reading,35,33,27
YORKTOWN ISD,Spring 2022,3,42,58,42,22,62904,STAAR - Reading,16,20,22
WEST SABINE ISD,Spring 2022,3,22,78,44,25,202905,STAAR - Reading,34,19,25
WESTBROOK ISD,Spring 2022,3,53,47,24,12,168903,STAAR - Reading,23,12,12
WESTHOFF ISD,Spring 2022,3,0,100,78,44,62905,STAAR - Reading,22,34,44
WESTLAKE ACADEMY CHARTER SCHOOL,Spring 2022,3,5,95,87,62,220810,STAAR - Reading,8,25,62
WESTPHALIA ISD,Spring 2022,3,6,94,78,44,73904,STAAR - Reading,16,34,44
WESTWOOD ISD,Spring 2022,3,20,80,49,28,1908,STAAR - Reading,31,21,28
WHARTON ISD,Spring 2022,3,37,63,36,19,241904,STAAR - Reading,27,17,19
WHEELER ISD,Spring 2022,3,12,88,46,29,242903,STAAR - Reading,42,17,29
WHITE DEER ISD,Spring 2022,3,12,88,62,42,33904,STAAR - Reading,26,20,42
WHITE OAK ISD,Spring 2022,3,16,84,66,38,92908,STAAR - Reading,18,28,38
WHITE SETTLEMENT ISD,Spring 2022,3,23,77,51,32,220920,STAAR - Reading,26,19,32
WHITEFACE CISD,Spring 2022,3,21,79,47,16,40902,STAAR - Reading,32,31,16
WHITEHOUSE ISD,Spring 2022,3,12,88,65,37,212906,STAAR - Reading,23,28,37
WHITESBORO ISD,Spring 2022,3,41,59,35,17,91909,STAAR - Reading,24,18,17
WHITEWRIGHT ISD,Spring 2022,3,24,76,54,34,91910,STAAR - Reading,22,20,34
WHITHARRAL ISD,Spring 2022,3,7,93,50,43,110908,STAAR - Reading,43,7,43
WHITNEY ISD,Spring 2022,3,24,76,40,19,109911,STAAR - Reading,36,21,19
WICHITA FALLS ISD,Spring 2022,3,31,69,42,23,243905,STAAR - Reading,27,19,23
WILDORADO ISD,Spring 2022,3,23,77,55,32,180904,STAAR - Reading,22,23,32
WILLIS ISD,Spring 2022,3,23,77,49,29,170904,STAAR - Reading,28,20,29
WALNUT BEND ISD,Spring 2022,3,22,78,33,11,49908,STAAR - Reading,45,22,11
WALNUT SPRINGS ISD,Spring 2022,3,33,67,53,27,18905,STAAR - Reading,14,26,27
WARREN ISD,Spring 2022,3,26,74,49,30,229904,STAAR - Reading,25,19,30
WASKOM ISD,Spring 2022,3,25,75,53,21,102903,STAAR - Reading,22,32,21
WATER VALLEY ISD,Spring 2022,3,18,82,55,55,226905,STAAR - Reading,27,0,55
WAXAHACHIE FAITH FAMILY ACADEMY (070801),Spring 2022,3,57,43,19,8,70801,STAAR - Reading,24,11,8
WAXAHACHIE ISD,Spring 2022,3,22,78,52,30,70912,STAAR - Reading,26,22,30
WAYSIDE SCHOOLS,Spring 2022,3,28,72,41,22,227803,STAAR - Reading,31,19,22
WEATHERFORD ISD,Spring 2022,3,22,78,52,30,184903,STAAR - Reading,26,22,30
WEBB CISD,Spring 2022,3,33,67,25,17,240904,STAAR - Reading,42,8,17
WEIMAR ISD,Spring 2022,3,17,83,58,35,45905,STAAR - Reading,25,23,35
WELLINGTON ISD,Spring 2022,3,18,82,64,36,44902,STAAR - Reading,18,28,36
WELLMAN-UNION CISD,Spring 2022,3,14,86,68,55,223904,STAAR - Reading,18,13,55
WELLS ISD,Spring 2022,3,0,100,50,29,37909,STAAR - Reading,50,21,29
WESLACO ISD,Spring 2022,3,23,77,47,26,108913,STAAR - Reading,30,21,26
WEST HARDIN COUNTY CISD,Spring 2022,3,20,80,56,24,100908,STAAR - Reading,24,32,24
WEST ISD,Spring 2022,3,19,81,52,34,161916,STAAR - Reading,29,18,34
WEST ORANGE-COVE CISD,Spring 2022,3,45,55,25,9,181906,STAAR - Reading,30,16,9
WEST OSO ISD,Spring 2022,3,25,75,40,22,178915,STAAR - Reading,35,18,22
WEST RUSK COUNTY CONSOLIDATED ISD,Spring 2022,3,24,76,42,11,201914,STAAR - Reading,34,31,11
VALOR PUBLIC SCHOOLS,Spring 2022,3,14,86,67,46,227829,STAAR - Reading,19,21,46
VAN ALSTYNE ISD,Spring 2022,3,6,94,70,48,91908,STAAR - Reading,24,22,48
VAN ISD,Spring 2022,3,20,80,52,27,234906,STAAR - Reading,28,25,27
VAN VLECK ISD,Spring 2022,3,12,88,64,36,158906,STAAR - Reading,24,28,36
VANGUARD ACADEMY,Spring 2022,3,19,81,50,28,108808,STAAR - Reading,31,22,28
VEGA ISD,Spring 2022,3,4,96,92,77,180902,STAAR - Reading,4,15,77
VENUS ISD,Spring 2022,3,35,65,35,15,126908,STAAR - Reading,30,20,15
VERIBEST ISD,Spring 2022,3,31,69,38,12,226908,STAAR - Reading,31,26,12
VERNON ISD,Spring 2022,3,31,69,25,11,244903,STAAR - Reading,44,14,11
VICTORIA ISD,Spring 2022,3,29,71,43,25,235902,STAAR - Reading,28,18,25
VIDOR ISD,Spring 2022,3,27,73,42,25,181907,STAAR - Reading,31,17,25
VILLAGE TECH SCHOOLS (057847),Spring 2022,3,24,76,38,22,57847,STAAR - Reading,38,16,22
VISTA DEL FUTURO CHARTER SCHOOL (071809),Spring 2022,3,23,77,48,29,71809,STAAR - Reading,29,19,29
VYSEHRAD ISD,Spring 2022,3,14,86,86,29,143904,STAAR - Reading,0,57,29
WACO CHARTER SCHOOL (161801),Spring 2022,3,50,50,14,7,161801,STAAR - Reading,36,7,7
WACO ISD,Spring 2022,3,47,53,26,14,161914,STAAR - Reading,27,12,14
WAELDER ISD,Spring 2022,3,36,64,43,7,89905,STAAR - Reading,21,36,7
WALCOTT ISD,Spring 2022,3,0,100,60,47,59902,STAAR - Reading,40,13,47
WALL ISD,Spring 2022,3,5,95,75,51,226906,STAAR - Reading,20,24,51
WALLER ISD,Spring 2022,3,26,74,45,22,237904,STAAR - Reading,29,23,22
TURKEY-QUITAQUE ISD,Spring 2022,3,10,90,60,30,96905,STAAR - Reading,30,30,30
TWO DIMENSIONS PREPARATORY ACADEMY (101840),Spring 2022,3,45,55,40,14,101840,STAAR - Reading,15,26,14
TYLER ISD,Spring 2022,3,28,72,45,24,212905,STAAR - Reading,27,21,24
UME PREPARATORY ACADEMY (057845),Spring 2022,3,14,86,60,42,57845,STAAR - Reading,26,18,42
UNION GROVE ISD,Spring 2022,3,14,86,57,36,230908,STAAR - Reading,29,21,36
UNION HILL ISD,Spring 2022,3,0,100,59,24,230904,STAAR - Reading,41,35,24
UNITED ISD,Spring 2022,3,20,80,53,29,240903,STAAR - Reading,27,24,29
UNIVERSAL ACADEMY (057808),Spring 2022,3,15,85,68,49,57808,STAAR - Reading,17,19,49
UNIVERSITY OF TEXAS ELEMENTARY CHARTER SCHOOL,Spring 2022,3,11,89,66,45,227819,STAAR - Reading,23,21,45
UNIVERSITY OF TEXAS UNIVERSITY CHARTER SCHOOL,Spring 2022,3,90,10,10,10,227806,STAAR - Reading,0,0,10
UPLIFT EDUCATION,Spring 2022,3,32,68,41,22,57803,STAAR - Reading,27,19,22
UT TYLER UNIVERSITY ACADEMY,Spring 2022,3,16,84,58,41,212804,STAAR - Reading,26,17,41
UTOPIA ISD,Spring 2022,3,29,71,35,18,232904,STAAR - Reading,36,17,18
UTPB STEM ACADEMY (068803),Spring 2022,3,13,87,51,35,68803,STAAR - Reading,36,16,35
UVALDE CISD,Spring 2022,3,23,77,48,24,232903,STAAR - Reading,29,24,24
VALENTINE ISD,Spring 2022,3,,,,,122902,STAAR - Reading,0,0,0
VALERE PUBLIC SCHOOLS,Spring 2022,3,25,75,49,22,227824,STAAR - Reading,26,27,22
VALLEY MILLS ISD,Spring 2022,3,23,77,41,25,18904,STAAR - Reading,36,16,25
VALLEY VIEW ISD (049903),Spring 2022,3,31,69,46,27,49903,STAAR - Reading,23,19,27
VALLEY VIEW ISD (108916),Spring 2022,3,15,85,52,30,108916,STAAR - Reading,33,22,30
THREE WAY ISD (072901),Spring 2022,3,45,55,20,15,72901,STAAR - Reading,35,5,15
THROCKMORTON COLLEGIATE ISD (224901),Spring 2022,3,36,64,27,18,224901,STAAR - Reading,37,9,18
TIDEHAVEN ISD,Spring 2022,3,6,94,71,45,158902,STAAR - Reading,23,26,45
TIMPSON ISD,Spring 2022,3,14,86,49,16,210905,STAAR - Reading,37,33,16
TIOGA ISD,Spring 2022,3,10,90,74,40,91907,STAAR - Reading,16,34,40
TOLAR ISD,Spring 2022,3,15,85,56,30,111903,STAAR - Reading,29,26,30
TOM BEAN ISD,Spring 2022,3,14,86,68,39,91918,STAAR - Reading,18,29,39
TOMBALL ISD,Spring 2022,3,9,91,73,54,101921,STAAR - Reading,18,19,54
TORNILLO ISD,Spring 2022,3,26,74,53,21,71908,STAAR - Reading,21,32,21
TREETOPS SCHOOL INTERNATIONAL (220801),Spring 2022,3,5,95,81,43,220801,STAAR - Reading,14,38,43
TRENT ISD,Spring 2022,3,33,67,67,33,221905,STAAR - Reading,0,34,33
TRENTON ISD,Spring 2022,3,31,69,39,18,74912,STAAR - Reading,30,21,18
TRINIDAD ISD,Spring 2022,3,62,38,12,0,107907,STAAR - Reading,26,12,0
TRINITY BASIN PREPARATORY (057813),Spring 2022,3,30,70,41,23,57813,STAAR - Reading,29,18,23
TRINITY ISD,Spring 2022,3,21,79,45,21,228903,STAAR - Reading,34,24,21
TRIVIUM ACADEMY (061805),Spring 2022,3,7,93,71,53,61805,STAAR - Reading,22,18,53
TROUP ISD,Spring 2022,3,15,85,52,36,212904,STAAR - Reading,33,16,36
TROY ISD,Spring 2022,3,25,75,39,26,14910,STAAR - Reading,36,13,26
TULIA ISD,Spring 2022,3,35,65,29,17,219903,STAAR - Reading,36,12,17
TULOSO-MIDWAY ISD,Spring 2022,3,20,80,51,33,178912,STAAR - Reading,29,18,33
SUDAN ISD,Spring 2022,3,11,89,50,24,140908,STAAR - Reading,39,26,24
SULPHUR BLUFF ISD (112910),Spring 2022,3,10,90,50,30,112910,STAAR - Reading,40,20,30
SULPHUR SPRINGS ISD,Spring 2022,3,23,77,46,25,112901,STAAR - Reading,31,21,25
SUNDOWN ISD,Spring 2022,3,0,100,82,36,110907,STAAR - Reading,18,46,36
SUNNYVALE ISD,Spring 2022,3,12,88,67,44,57919,STAAR - Reading,21,23,44
SUNRAY COLLEGIATE ISD,Spring 2022,3,12,88,67,30,171902,STAAR - Reading,21,37,30
SWEENY ISD,Spring 2022,3,20,80,54,32,20906,STAAR - Reading,26,22,32
SWEET HOME ISD,Spring 2022,3,15,85,69,46,143905,STAAR - Reading,16,23,46
SWEETWATER ISD,Spring 2022,3,40,60,36,22,177902,STAAR - Reading,24,14,22
TAFT ISD,Spring 2022,3,39,61,30,11,205907,STAAR - Reading,31,19,11
TAHOKA ISD,Spring 2022,3,30,70,61,45,153904,STAAR - Reading,9,16,45
TARKINGTON ISD,Spring 2022,3,24,76,51,29,146907,STAAR - Reading,25,22,29
TATUM ISD,Spring 2022,3,13,87,60,29,201910,STAAR - Reading,27,31,29
TAYLOR ISD,Spring 2022,3,34,66,38,23,246911,STAAR - Reading,28,15,23
TEAGUE ISD,Spring 2022,3,11,89,59,30,81904,STAAR - Reading,30,29,30
TEKOA ACADEMY OF ACCELERATED STUDIES STEM SCHOOL,Spring 2022,3,62,38,21,12,123803,STAAR - Reading,17,9,12
TEMPLE ISD,Spring 2022,3,32,68,40,22,14909,STAAR - Reading,28,18,22
TENAHA ISD,Spring 2022,3,11,89,68,25,210904,STAAR - Reading,21,43,25
TERLINGUA CSD,Spring 2022,3,64,36,27,9,22004,STAAR - Reading,9,18,9
TERRELL COUNTY ISD,Spring 2022,3,22,78,56,22,222901,STAAR - Reading,22,34,22
SPRING BRANCH ISD,Spring 2022,3,21,79,56,37,101920,STAAR - Reading,23,19,37
SPRING CREEK ISD,Spring 2022,3,29,71,43,14,117907,STAAR - Reading,28,29,14
SPRING HILL ISD,Spring 2022,3,11,89,63,33,92907,STAAR - Reading,26,30,33
SPRING ISD,Spring 2022,3,36,64,37,18,101919,STAAR - Reading,27,19,18
SPRINGLAKE-EARTH ISD,Spring 2022,3,11,89,68,47,140907,STAAR - Reading,21,21,47
SPRINGTOWN ISD,Spring 2022,3,19,81,51,33,184902,STAAR - Reading,30,18,33
SPUR ISD,Spring 2022,3,14,86,50,29,63903,STAAR - Reading,36,21,29
SPURGER ISD,Spring 2022,3,15,85,41,19,229905,STAAR - Reading,44,22,19
ST ANTHONY SCHOOL (057836),Spring 2022,3,16,84,34,13,57836,STAAR - Reading,50,21,13
ST MARY'S ACADEMY CHARTER SCHOOL (013801),Spring 2022,3,16,84,51,23,13801,STAAR - Reading,33,28,23
STAFFORD MSD,Spring 2022,3,31,69,48,31,79910,STAAR - Reading,21,17,31
STAMFORD ISD,Spring 2022,3,14,86,68,36,127906,STAAR - Reading,18,32,36
STANTON ISD,Spring 2022,3,20,80,51,31,156902,STAAR - Reading,29,20,31
STEP CHARTER SCHOOL,Spring 2022,3,19,81,51,35,101859,STAAR - Reading,30,16,35
STEPHEN F AUSTIN STATE UNIVERSITY CHARTER SCHOOL (174801),Spring 2022,3,2,98,89,70,174801,STAAR - Reading,9,19,70
STEPHENVILLE ISD,Spring 2022,3,12,88,65,45,72903,STAAR - Reading,23,20,45
STERLING CITY ISD,Spring 2022,3,11,89,63,32,216901,STAAR - Reading,26,31,32
STOCKDALE ISD,Spring 2022,3,33,67,39,26,247906,STAAR - Reading,28,13,26
STRATFORD ISD,Spring 2022,3,30,70,55,30,211902,STAAR - Reading,15,25,30
STRAWN ISD,Spring 2022,3,11,89,67,22,182905,STAAR - Reading,22,45,22
SKIDMORE-TYNAN ISD,Spring 2022,3,25,75,43,25,13905,STAAR - Reading,32,18,25
SLATON ISD,Spring 2022,3,24,76,54,30,152903,STAAR - Reading,22,24,30
SLIDELL ISD,Spring 2022,3,25,75,42,22,249908,STAAR - Reading,33,20,22
SLOCUM ISD,Spring 2022,3,6,94,59,22,1909,STAAR - Reading,35,37,22
SMITHVILLE ISD,Spring 2022,3,21,79,49,28,11904,STAAR - Reading,30,21,28
SMYER ISD,Spring 2022,3,12,88,54,27,110906,STAAR - Reading,34,27,27
SNOOK ISD,Spring 2022,3,33,67,44,25,26903,STAAR - Reading,23,19,25
SNYDER ISD,Spring 2022,3,22,78,44,26,208902,STAAR - Reading,34,18,26
SOCORRO ISD,Spring 2022,3,22,78,51,28,71909,STAAR - Reading,27,23,28
SOMERSET ISD,Spring 2022,3,12,88,57,30,15909,STAAR - Reading,31,27,30
SOMERVILLE ISD,Spring 2022,3,53,47,21,7,26902,STAAR - Reading,26,14,7
SONORA ISD,Spring 2022,3,7,93,74,46,218901,STAAR - Reading,19,28,46
SOUTH SAN ANTONIO ISD,Spring 2022,3,43,57,27,11,15908,STAAR - Reading,30,16,11
SOUTHLAND ISD,Spring 2022,3,33,67,44,22,85903,STAAR - Reading,23,22,22
SOUTHSIDE ISD,Spring 2022,3,29,71,40,21,15917,STAAR - Reading,31,19,21
SOUTHWEST ISD,Spring 2022,3,26,74,48,26,15912,STAAR - Reading,26,22,26
SOUTHWEST PREPARATORY SCHOOL (015807),Spring 2022,3,38,62,36,16,15807,STAAR - Reading,26,20,16
SOUTHWEST SCHOOL,Spring 2022,3,48,52,22,11,101838,STAAR - Reading,30,11,11
SPEARMAN ISD,Spring 2022,3,9,91,57,32,98904,STAAR - Reading,34,25,32
SPLENDORA ISD,Spring 2022,3,30,70,39,18,170907,STAAR - Reading,31,21,18
TERRELL ISD,Spring 2022,3,31,69,38,19,129906,STAAR - Reading,31,19,19
TEXARKANA ISD,Spring 2022,3,32,68,41,23,19907,STAAR - Reading,27,18,23
TEXHOMA ISD,Spring 2022,3,6,94,75,50,211901,STAAR - Reading,19,25,50
TEXLINE ISD,Spring 2022,3,7,93,73,53,56902,STAAR - Reading,20,20,53
THORNDALE ISD,Spring 2022,3,33,67,33,13,166905,STAAR - Reading,34,20,13
THRALL ISD,Spring 2022,3,6,94,74,48,246912,STAAR - Reading,20,26,48
THREE RIVERS ISD,Spring 2022,3,19,81,43,14,149902,STAAR - Reading,38,29,14
VALENTINE ISD,Spring 2022,3,,,,,122902,STAAR - Reading,0,0,0
TEXAS CITY ISD,Spring 2023,4,32,68,40,22,84906,STAAR - Reading,28,18,22
